0.5	0.047033	0.0639773	-0.0115297	-0.0222915	-0.00404479	0.0679338	-0.0163548	-0.00948684	-0.0107318
0.047033	0.5	0.0533792	-0.00787895	-0.00970354	-0.00663544	0.063818	-0.00342495	0.00253918	-0.00351397
0.0639773	0.0533792	0.5	0.00726883	-0.0105015	0.00609077	0.0520046	0.00247966	0.00536304	0.0101853
-0.0115297	-0.00787895	0.00726883	0.5	0.0916328	0.108203	-0.0118197	0.105438	0.107051	0.0858318
-0.0222915	-0.00970354	-0.0105015	0.0916328	0.5	0.103695	-0.0109743	0.0869227	0.099339	0.0931645
-0.00404479	-0.00663544	0.00609077	0.108203	0.103695	0.5	-0.00589514	0.11712	0.107546	0.0941443
0.0679338	0.063818	0.0520046	-0.0118197	-0.0109743	-0.00589514	0.5	-0.00815164	-0.00251127	-0.00219178
-0.0163548	-0.00342495	0.00247966	0.105438	0.0869227	0.11712	-0.00815164	0.5	0.111211	0.0875655
-0.00948684	0.00253918	0.00536304	0.107051	0.099339	0.107546	-0.00251127	0.111211	0.5	0.0907511
-0.0107318	-0.00351397	0.0101853	0.0858318	0.0931645	0.0941443	-0.00219178	0.0875655	0.0907511	0.5
