0.5	0.0148918	0.063749	0.0726234	0.0584323	0.0643072	0.0233499	0.0219082	0.0714609	-0.000679196	0.00873467	-0.0910936	0.0231459	0.0604476	0.0564459	0.00754649	-0.00154924	0.00975086	0.00634101	0.0823751	0.0666322	0.00704471	0.0764699	0.0177219	0.0115392	0.00622976	0.0293366	0.0887823	0.0720401	0.0605937	0.00491566	0.00980314	-0.00551171	0.0230276	0.0768147	0.00511539	0.0113484	0.0600004	0.104521	0.0564486	0.0821675	0.0771665	0.00685343	0.00712946	0.000564688	0.0456613	0.00423356	0.0102676	0.0588153	0.0723907	0.0796093	0.0642264	0.0103263	0.0117382	0.008316	0.0880117	0.0586742	0.0106034	-0.00143937	0.0022572	0.0124674	0.018356	0.0165619	0.000450354	0.0591688	-0.0509447	0.0515165	0.0782405	0.0873304	0.0740447	0.0567797	0.0384582	0.0122399	0.00911539	0.0668031	0.0216522	0.00676221	0.0223406	0.0157258	0.0111315	0.0127499	0.0111681	-0.0039504	0.013267	0.0817521	0.0658063	0.0631297	0.0714642	0.0677547	0.0870536	0.0782604	0.0551994	0.00408382	-0.0223477	0.0753374	0.0104622	0.0790651	0.0148147	0.0230636	0.00972007
0.0148918	0.5	0.00201512	0.0140163	0.00058083	0.0143686	0.117088	0.122094	0.0189506	0.114016	0.104999	-0.00269745	0.110112	0.0110919	-0.00158638	0.101205	0.118181	0.123248	0.118438	0.000742702	0.000988588	0.0908261	0.0243932	0.111422	0.111189	0.107601	0.211474	0.0156435	0.00272081	0.0193987	0.112651	0.104842	0.100347	0.12322	0.00547047	0.112233	0.108932	-0.00266754	0.0156382	0.00646809	0.00434807	0.0100503	0.0984495	0.0804892	0.105483	-0.00562514	0.101824	0.113618	-0.0055142	0.0170661	0.00911249	0.00444685	0.102166	0.109568	0.110772	0.00925972	0.00564108	0.104649	0.12879	0.099365	0.107316	0.130224	0.103632	0.106345	0.00765062	-0.162899	-0.00173001	0.0205707	0.021901	0.00544981	0.00771294	-0.00828551	0.109889	0.0948037	0.00419485	0.119524	0.106898	0.114281	0.10499	0.116221	0.0988166	0.107626	0.0925498	0.108418	0.00786308	0.0108503	0.0139305	0.00461204	0.00277591	0.0125666	0.0190905	-0.00967859	0.10288	-0.150027	-0.00442531	0.0936451	-0.00215219	0.111561	0.120157	0.1033
0.063749	0.00201512	0.5	0.0698702	0.0473736	0.0571847	0.00327041	0.00669077	0.0631606	-0.0171856	-0.00509845	-0.112818	0.00438085	0.0657192	0.0486477	-0.00982785	-0.016997	0.000113682	-0.00798754	0.0432363	0.0554748	-0.0182994	0.0593743	0.00297	-0.00131038	0.000147925	0.00985265	0.0619407	0.0786241	0.0587496	-0.0152274	-0.00338293	-0.0131906	0.00472902	0.0754286	-0.00461182	-0.000100876	0.0591257	0.0761159	0.0691598	0.0638855	0.0613121	-0.00296316	-0.0232647	-0.0191538	0.070109	0.00259949	0.000802807	0.0424095	0.0830169	0.0775189	0.06094	-0.00585749	-0.00284081	0.00632489	0.0864799	0.0626184	0.00227429	-0.0024833	-0.0129993	-0.00188109	-0.00079071	-0.00146797	-0.00874819	0.0656705	-0.0772048	0.0653805	0.0580076	0.0829474	0.0614081	0.0761636	0.0648711	-0.00554381	-0.000566735	0.0601382	0.00812023	-0.000842377	0.0118638	0.010992	-0.00807496	0.00813292	-0.00560233	-0.0153474	-0.00424089	0.0748793	0.0755927	0.0525758	0.0566052	0.0827384	0.0641702	0.0783323	0.0601681	-0.000746607	-0.047247	0.0681675	-0.00778893	0.0609076	0.0115878	-0.00902461	-0.00511939
0.0726234	0.0140163	0.0698702	0.5	0.0560478	0.0581297	0.0114626	0.0198022	0.0615311	0.00650221	0.0103342	-0.0958908	0.012884	0.0597558	0.0567158	0.00536031	-0.00643225	0.00749546	0.00758619	0.0628015	0.0692971	0.00630181	0.0812517	0.0138811	0.00808139	0.0114716	0.0191366	0.0672403	0.066195	0.0743876	0.00226915	0.0105893	0.00407567	0.015305	0.0577869	0.00415557	0.0143943	0.0617976	0.0640979	0.0640684	0.0578687	0.0693103	0.00708682	0.000340497	0.00172872	0.0473783	0.016042	0.0201417	0.0616923	0.0659472	0.0611389	0.0653082	0.0158314	0.0110245	0.0212663	0.0510674	0.0481681	0.0076259	0.0138895	-0.00125825	0.00910479	0.0141032	0.00949738	0.00648511	0.0602891	-0.0758151	0.0479869	0.0671219	0.0726142	0.0815794	0.0593487	0.0614913	0.0129886	0.0144001	0.0832213	0.0170152	0.0174577	0.0222664	0.0147358	0.00763431	0.00850971	0.0114834	-0.00232646	0.00390406	0.059483	0.0596485	0.0664556	0.06218	0.0791843	0.0614833	0.0759724	0.0733088	0.00620809	-0.0651538	0.0649961	0.0077227	0.0669005	0.0100417	0.00716227	0.0109771
0.0584323	0.00058083	0.0473736	0.0560478	0.5	0.0500554	-0.00239382	0.0153606	0.0455235	-0.00610154	-0.00116777	-0.111629	0.00352015	0.0532998	0.0387692	-0.0127124	-0.00582888	0.000270551	-0.00780567	0.0487735	0.0484948	-0.00523159	0.0644803	0.00244756	0.00796192	-0.00790254	0.00601499	0.0550573	0.0635686	0.0614506	-0.00824751	-0.00652177	-0.0105325	0.00551278	0.0566409	-0.000577512	-0.00447744	0.0598943	0.0499259	0.0639685	0.0522188	0.0642654	-0.00622121	-0.00192041	-0.0130716	0.041065	-0.00154162	0.00298294	0.0463988	0.0703161	0.063708	0.0310916	0.00158394	0.00241049	0.00645718	0.0658148	0.040516	0.00533355	-0.00259609	0.000481012	0.00557914	-0.00587291	0.0064486	-0.00591009	0.0677098	-0.0859042	0.0277096	0.0673069	0.0529483	0.0589066	0.0533944	0.0632572	0.00183425	0.00481733	0.0521115	0.00617622	0.00551569	-0.000608034	0.00292306	-0.00360403	0.00129893	0.00113595	-0.0109373	-0.00274466	0.0717781	0.0532071	0.0487178	0.0463203	0.0551583	0.0500739	0.0665893	0.0481352	-0.00536683	-0.0636538	0.0412021	-0.0061768	0.0449157	0.00285372	0.00243164	0.00121864
0.0643072	0.0143686	0.0571847	0.0581297	0.0500554	0.5	0.0107592	0.0115437	0.0518471	0.00581887	0.00801691	-0.0967503	0.00737003	0.0521219	0.0449667	-0.00650648	0.00292418	0.00457889	0.00805654	0.0756329	0.0488585	0.00261385	0.0631849	0.00779061	0.00132326	0.00172056	0.0186383	0.0529738	0.0712231	0.0510582	0.00338926	0.00986666	0.00145508	0.0110059	0.0481632	0.00868566	-0.00107125	0.0433966	0.067739	0.0655932	0.0668169	0.0695847	0.00768949	0.00103943	-0.00025956	0.0667212	0.0101602	0.0171682	0.0579289	0.0681662	0.0566876	0.0639413	0.0118709	0.00527487	0.0135892	0.0458183	0.0621088	0.0110248	0.00215372	-0.00135569	-0.00339596	0.00302397	0.00827287	0.00796938	0.0617937	-0.0825279	0.0671472	0.0688704	0.0652365	0.0679814	0.0758934	0.0516262	0.00635743	0.0112292	0.0713625	0.0166121	0.0047426	0.0170173	0.0190427	0.0109775	0.00861043	0.00267803	-0.00719338	0.000596365	0.0492161	0.0605512	0.0555033	0.0585055	0.0749262	0.0653859	0.0544957	0.0556397	0.0138493	-0.0614679	0.0531692	-0.000536628	0.0648016	0.00985225	0.010912	0.00142506
0.0233499	0.117088	0.00327041	0.0114626	-0.00239382	0.0107592	0.5	0.113747	0.0212553	0.104154	0.11052	0.0282999	0.120594	0.0138431	0.000363494	0.110186	0.0995062	0.127266	0.100232	0.00514255	0.000244817	0.119792	0.0235576	0.116431	0.113942	0.133242	0.117753	0.0156687	0.00744817	0.0210519	0.105566	0.0973866	0.101569	0.118253	3.96435e-05	0.109308	0.105635	0.000642984	0.0228329	0.00472826	0.00109233	0.00760576	0.0946727	0.110481	0.116552	-0.00805903	0.112575	0.115118	-0.00241758	0.0225548	0.0185472	0.00555162	0.10917	0.12679	0.0991183	0.0199089	0.0105344	0.114595	0.117173	0.101628	0.111673	0.104207	0.117004	0.10915	0.00610831	-0.161514	0.00180198	0.0150406	0.0264818	0.0120481	0.0159954	-0.0112311	0.104528	0.113166	0.00384415	0.130266	0.0963972	0.125261	0.120172	0.110135	0.0994862	0.123001	0.0965771	0.108569	0.0129402	0.0115132	0.00898918	0.000898999	0.00188016	0.0139751	0.0142512	0.00386267	0.119319	-0.150553	0.0149056	0.100742	0.00587845	0.112017	0.119916	0.108175
0.0219082	0.122094	0.00669077	0.0198022	0.0153606	0.0115437	0.113747	0.5	0.0181341	0.0921723	0.102701	-0.0091484	0.116116	0.0176061	-0.000724865	0.0976473	0.0911427	0.118594	0.108846	-0.000731548	0.00736575	0.0969937	0.0248434	0.0877317	0.109607	0.0969656	0.119702	0.0273518	0.00549868	0.0314141	0.118269	0.0951809	0.0846992	0.100352	0.00668282	0.0974309	0.109544	-0.00298814	0.0132105	0.00324939	0.00550973	0.019621	0.0870371	0.087838	0.0912375	0.00171571	0.112952	0.105085	0.00316259	0.0225841	0.010762	0.00293693	0.111045	0.114386	0.115852	0.0162268	0.00842917	0.121225	0.119921	0.0958463	0.110975	0.108172	0.10136	0.0922173	0.0102738	-0.155599	0.000437431	0.0213772	0.0239331	0.0163222	0.00856024	-0.00544903	0.130499	0.117997	0.00929516	0.115242	0.115935	0.114782	0.106245	0.103525	0.112338	0.103798	0.0879433	0.09315	0.0130447	0.0141867	0.00834801	0.00646608	0.00769399	0.0179982	0.00511409	-0.000805842	0.0939672	-0.151253	0.00934928	0.116977	0.00229477	0.112948	0.113709	0.100102
0.0714609	0.0189506	0.0631606	0.0615311	0.0455235	0.0518471	0.0212553	0.0181341	0.5	0.0104981	0.0112177	-0.0933094	0.0203517	0.0425697	0.0499889	0.00143788	0.000188152	0.0156647	0.0110014	0.0549936	0.0543264	0.00936125	0.0752858	0.0171746	0.0168632	0.0110715	0.010772	0.0686416	0.0874412	0.0819176	0.00925924	0.0134574	0.00855821	0.0171959	0.061174	0.0146976	0.0160993	0.0461382	0.0665785	0.0668106	0.0481314	0.0748689	0.0113863	0.00589872	0.0087773	0.0639452	0.0186039	0.0111296	0.0679365	0.0856375	0.0733727	0.0580853	0.0135647	0.0145821	0.0178495	0.0829497	0.068496	0.0141932	0.00608006	0.00653171	0.00659084	0.0148362	0.0146833	0.000362161	0.0797256	-0.085683	0.0509825	0.0806221	0.0703336	0.0530502	0.0758498	0.0548834	0.00835712	0.0125915	0.0528785	0.024232	0.00826924	0.0194179	0.0264619	0.0104206	0.0124026	0.011998	-0.000361644	0.0125061	0.0699125	0.0781534	0.0544279	0.065074	0.053625	0.088642	0.0951127	0.0500701	0.0112631	-0.0650972	0.062389	0.0121667	0.0572232	0.0143896	0.0113348	0.00713607
-0.000679196	0.114016	-0.0171856	0.00650221	-0.00610154	0.00581887	0.104154	0.0921723	0.0104981	0.5	0.125358	-0.0379502	0.0948469	0.0114206	-0.0159328	0.102899	0.0883182	0.123787	0.0869772	-0.00470888	0.000810348	0.0930159	0.010752	0.111877	0.122993	0.10442	0.0973082	0.00291892	-0.0110379	0.00556567	0.0846745	0.109002	0.109859	0.094981	-0.00986904	0.103242	0.0889337	-0.00788587	0.000568706	-0.00986837	-0.0166729	-0.000815237	0.0870699	0.10354	0.109002	-0.0164878	0.107429	0.114564	-0.0119461	0.00393654	-0.00144057	0.00149373	0.0955413	0.111456	0.116431	0.00309014	0.000140396	0.0856681	0.113675	0.10276	0.0880071	0.10748	0.0954636	0.0983892	0.00340939	-0.168663	-0.00361424	0.00221375	0.00619084	0.00563244	0.00107333	-0.00736918	0.084827	0.0941691	-0.00876463	0.0975103	0.124569	0.0847386	0.0938366	0.105118	0.110229	0.0908734	0.0943036	0.108747	-0.0104912	0.00372369	0.00355648	-0.00251541	-0.00587621	0.0027028	0.00279863	-0.00585778	0.105364	-0.15863	0.00122881	0.0820852	-0.00780167	0.104298	0.0997941	0.0832762
0.00873467	0.104999	-0.00509845	0.0103342	-0.00116777	0.00801691	0.11052	0.102701	0.0112177	0.125358	0.5	-0.0153202	0.0941236	0.00672747	-0.00210308	0.0999713	0.0985928	0.100824	0.0939475	-0.00247976	0.00962603	0.102215	0.0161879	0.0982875	0.119391	0.106703	0.105237	0.0140707	0.00639789	0.0215973	0.119665	0.0979454	0.0883709	0.106008	0.00694421	0.0968414	0.102131	0.000675842	0.0143347	-0.00279612	0.00478543	0.00610068	0.107967	0.106556	0.113387	-0.00307086	0.127305	0.103132	0.00300485	0.0165081	0.0114708	0.00992593	0.106996	0.101034	0.111877	0.00742176	0.00596781	0.108003	0.124182	0.0915816	0.0847913	0.0893201	0.0894583	0.125678	0.00377559	-0.163397	-0.00870681	0.0120772	0.0130727	0.0154973	0.00730897	-0.00617823	0.0948405	0.0935974	0.00321086	0.117775	0.0922385	0.0902158	0.113547	0.119852	0.111676	0.119785	0.0928834	0.0978156	0.00223658	0.010772	0.00984047	0.0119366	0.00201053	0.0144811	0.00894566	-0.00920769	0.09809	-0.151254	0.00850939	0.0972633	-0.0037664	0.126071	0.112843	0.0935461
-0.0910936	-0.00269745	-0.112818	-0.0958908	-0.111629	-0.0967503	0.0282999	-0.0091484	-0.0933094	-0.0379502	-0.0153202	0.5	0.00240134	-0.100159	-0.0918923	-0.0104377	-0.000744444	-0.00220004	0.00919768	-0.101698	-0.103323	0.0128626	-0.0961628	-0.00944949	-0.021803	-0.00110609	0.00820591	-0.0982976	-0.108952	-0.0953194	-0.0224227	-0.0134589	-0.0184703	-0.00659313	-0.111688	0.000935123	0.0123398	-0.107168	-0.090353	-0.111155	-0.104299	-0.10223	0.00518537	-0.00710709	-0.00242554	-0.107795	0.00958487	-0.019893	-0.106351	-0.0864969	-0.102483	-0.0943412	0.00166148	-0.00851025	-0.0116852	-0.0987744	-0.111353	0.00518221	0.000544675	0.00351547	-0.0165883	-0.0143776	0.00214818	0.000147626	-0.108514	-0.188985	-0.102279	-0.102488	-0.10165	-0.101192	-0.0926815	-0.112419	-0.00152572	-0.0282983	-0.112009	0.00105194	-0.00130739	0.0227725	0.0243444	-0.0121233	-0.0318547	-0.0187133	0.000442686	-0.0050276	-0.110318	-0.097027	-0.0968561	-0.0930605	-0.109309	-0.101717	-0.104291	-0.108236	-0.0153178	-0.17407	-0.0889404	-0.0110619	-0.0942954	0.00421255	0.00397499	-0.0257724
0.0231459	0.110112	0.00438085	0.012884	0.00352015	0.00737003	0.120594	0.116116	0.0203517	0.0948469	0.0941236	0.00240134	0.5	0.0167262	-0.00883664	0.0935572	0.1065	0.115777	0.111605	-0.00372627	-0.00219311	0.105095	0.0224925	0.0951743	0.113141	0.117391	0.114357	0.00839047	0.00499636	0.0235667	0.091852	0.100131	0.0830097	0.1161	0.00169649	0.104194	0.107253	4.64429e-05	0.0166635	-0.00164355	0.00717841	0.00692961	0.0947375	0.0875703	0.132008	0.00154562	0.120551	0.115712	-0.00537968	0.0224534	0.00491736	0.0100235	0.118398	0.115958	0.100649	0.0186928	0.00652821	0.113832	0.10561	0.115203	0.105663	0.100443	0.108198	0.0947763	0.00512485	-0.159846	-0.00874088	0.0142172	0.015511	0.00309197	0.00326903	-0.00538794	0.114032	0.114727	0.00231234	0.107173	0.100458	0.122316	0.111589	0.114133	0.108669	0.12203	0.0888146	0.117441	0.0165752	0.0088853	0.00466423	0.00497058	0.00975169	0.00845788	0.0071117	0.00374317	0.118775	-0.151529	0.0124529	0.101419	-0.00472456	0.121464	0.108345	0.112167
0.0604476	0.0110919	0.0657192	0.0597558	0.0532998	0.0521219	0.0138431	0.0176061	0.0425697	0.0114206	0.00672747	-0.100159	0.0167262	0.5	0.0321214	0.00655046	-0.00403364	0.0110592	0.0106195	0.0452308	0.0572428	-0.00667609	0.065677	0.0145885	0.0169658	0.00837582	0.0198704	0.054557	0.053787	0.0617858	0.00847979	0.00673231	-0.010084	0.0161793	0.0425179	0.00480082	0.00916919	0.0462666	0.0708215	0.0524446	0.0560182	0.0589315	0.00727483	0.000927311	-0.000650705	0.0457009	0.00506799	0.0105601	0.0529669	0.0644661	0.0580681	0.0604616	0.00741073	0.012179	0.00791375	0.0526222	0.0615427	0.0164149	0.00365108	0.00576047	0.0103858	0.0132695	0.0168003	-0.000180829	0.0491368	-0.0898922	0.0420476	0.0475786	0.0790713	0.0617302	0.0444452	0.0439261	0.00800774	0.0122228	0.0555629	0.0229531	0.00900875	0.0115647	0.0151028	0.00365005	0.0195242	0.00739069	0.000705477	0.0137877	0.0522756	0.0534229	0.0468259	0.0517631	0.0587947	0.06359	0.0524586	0.0451014	0.0124535	-0.0660224	0.0496869	0.0110892	0.0473302	0.0162329	0.0121719	0.00255337
0.0564459	-0.00158638	0.0486477	0.0567158	0.0387692	0.0449667	0.000363494	-0.000724865	0.0499889	-0.0159328	-0.00210308	-0.0918923	-0.00883664	0.0321214	0.5	-0.0123891	-0.0111796	-0.009983	-0.0121643	0.0635094	0.0554541	-0.0148319	0.0596663	-0.00383401	-0.00983998	-0.00908276	0.00281147	0.0547936	0.0557675	0.0541372	-0.00835127	-0.00547814	-0.00378373	-0.00475659	0.0673842	-0.0113328	-0.00993171	0.0407836	0.0477362	0.0581082	0.0471349	0.0440419	-0.0084948	-0.00206775	-0.010838	0.0425785	-0.0063152	-0.00937262	0.0286818	0.0532156	0.0663722	0.0439568	-0.00441874	-0.00630891	0.00226691	0.0608226	0.0542676	-0.00308239	-0.00992559	-0.0165372	2.28458e-05	-0.00206741	0.000719684	-0.00208584	0.0494897	-0.088	0.0454861	0.0623486	0.0469198	0.0551166	0.0389833	0.0228313	-0.0046799	-0.00301122	0.0473255	0.00366297	-0.00344164	0.00354126	-0.00626968	-0.00291687	-0.00598703	-0.00494284	-0.00881048	-0.000553904	0.0537652	0.0503361	0.0481125	0.0478438	0.0561495	0.0696034	0.0677632	0.0443482	-0.00775125	-0.0871115	0.0577579	-0.00735166	0.0519428	0.000475684	-0.00625345	-0.0112857
0.00754649	0.101205	-0.00982785	0.00536031	-0.0127124	-0.00650648	0.110186	0.0976473	0.00143788	0.102899	0.0999713	-0.0104377	0.0935572	0.00655046	-0.0123891	0.5	0.0946291	0.0953959	0.0973503	-0.00446914	-0.00979781	0.0962231	0.00914701	0.09471	0.0992573	0.0970916	0.11698	0.00691053	-0.00185217	0.00574321	0.122941	0.126326	0.0971403	0.109988	-0.000490245	0.0983308	0.0956965	-0.0153493	0.00748062	-0.00913344	-0.00851854	0.00121138	0.103132	0.0898267	0.0945991	-0.00703117	0.113619	0.101254	-0.0175113	0.00521642	-0.000594573	-0.0016475	0.092094	0.093663	0.0982851	-0.000483486	0.00497663	0.105688	0.109859	0.0905796	0.0965898	0.124977	0.107202	0.105969	-0.00462043	-0.170615	-0.0110799	0.00694601	0.00408515	-0.00194437	0.000815443	-0.00689349	0.0929066	0.113205	-0.00108878	0.123088	0.101844	0.0920578	0.0833479	0.10311	0.0993689	0.112844	0.105801	0.0983134	-0.00978139	-0.00493474	-0.00376844	-0.00178799	-0.00239155	0.00175807	0.000523291	-0.0120631	0.0994281	-0.160943	-0.00480191	0.100109	-0.00494951	0.104826	0.107078	0.0959029
-0.00154924	0.118181	-0.016997	-0.00643225	-0.00582888	0.00292418	0.0995062	0.0911427	0.000188152	0.0883182	0.0985928	-0.000744444	0.1065	-0.00403364	-0.0111796	0.0946291	0.5	0.1052	0.0954845	-0.00468099	-0.00595722	0.0920936	0.00358812	0.116618	0.0845044	0.107104	0.099369	-0.00172275	-0.00860304	0.00155987	0.108407	0.106893	0.0867229	0.110857	-0.0105276	0.0816981	0.104445	-0.0111948	0.00186169	-0.0120532	-0.0127022	-0.000916155	0.0985428	0.0918622	0.0910657	-0.0125083	0.116592	0.0822023	-0.0129183	0.00618133	0.00112398	-0.00848408	0.0991151	0.0973154	0.097546	-0.00320052	-0.00228779	0.104726	0.0907973	0.111138	0.101674	0.111461	0.0995209	0.0862657	-0.00285895	-0.163779	-0.0134444	0.00175137	0.00246222	-0.00407039	-0.000233098	-0.012889	0.105656	0.0958441	-0.000737293	0.112524	0.0950799	0.0884796	0.0934148	0.100114	0.10712	0.114551	0.0799325	0.106073	-0.00966039	0.000394551	0.000928375	-0.00162096	-0.00591726	-0.00248457	-0.00176828	-0.0166231	0.0940014	-0.151713	0.00106181	0.0850162	-0.00700699	0.110426	0.11007	0.096685
0.00975086	0.123248	0.000113682	0.00749546	0.000270551	0.00457889	0.127266	0.118594	0.0156647	0.123787	0.100824	-0.00220004	0.115777	0.0110592	-0.009983	0.0953959	0.1052	0.5	0.124041	-0.00503523	-0.000614394	0.109415	0.0223229	0.114095	0.114982	0.107849	0.124247	0.0104911	0.00435704	0.0173685	0.110601	0.115497	0.0945683	0.117687	-0.00239038	0.0849473	0.133648	-0.00380331	0.0180509	0.00232268	-0.00245258	0.00501782	0.0976593	0.103129	0.108386	-0.0066562	0.104861	0.141476	-0.00510511	0.0224606	0.00864934	-0.0037937	0.100007	0.112376	0.111299	0.0171122	0.011301	0.122543	0.121618	0.100735	0.111919	0.107063	0.110062	0.112835	0.00511216	-0.170424	-0.00348865	0.0123151	0.0177889	0.00402567	0.00941429	-0.00239466	0.112009	0.0913902	0.00670908	0.115107	0.124254	0.116863	0.10959	0.111442	0.100713	0.1081	0.0826146	0.114084	0.0124701	0.00789292	0.000418911	0.000222815	-0.000827429	0.012254	0.00610598	-0.00264696	0.113173	-0.158247	0.000691077	0.0887195	-0.000190272	0.109634	0.109854	0.0975272
0.00634101	0.118438	-0.00798754	0.00758619	-0.00780567	0.00805654	0.100232	0.108846	0.0110014	0.0869772	0.0939475	0.00919768	0.111605	0.0106195	-0.0121643	0.0973503	0.0954845	0.124041	0.5	-0.0143293	-0.0137813	0.0928434	0.00941114	0.0771715	0.0898874	0.108763	0.116233	0.00291224	-0.00506939	0.0165331	0.105723	0.0945263	0.0991891	0.114898	-0.00794582	0.0920324	0.0932934	-0.0112972	0.0140422	-0.00877106	-0.0064488	0.00084779	0.103478	0.0985143	0.0964281	-0.00519592	0.113094	0.10961	-0.0157741	0.0139433	-0.00247853	-0.00655543	0.114133	0.107403	0.0844125	0.00468304	0.00487325	0.104335	0.109819	0.106418	0.112371	0.104614	0.0914351	0.0970564	-0.00397356	-0.166021	-0.00983854	0.0120647	0.0121716	-0.00810087	-0.00628645	-0.0110599	0.107681	0.0893965	-0.00561812	0.114258	0.105311	0.0945457	0.120207	0.0809847	0.0908245	0.107839	0.0899299	0.112911	-0.00233918	0.00135132	0.000398333	-0.00173792	-0.00485653	0.00342811	0.00541286	-0.0180068	0.105133	-0.159016	-0.010149	0.0869434	-0.00789369	0.107162	0.113586	0.0944855
0.0823751	0.000742702	0.0432363	0.0628015	0.0487735	0.0756329	0.00514255	-0.000731548	0.0549936	-0.00470888	-0.00247976	-0.101698	-0.00372627	0.0452308	0.0635094	-0.00446914	-0.00468099	-0.00503523	-0.0143293	0.5	0.0498943	-0.00885936	0.0596388	0.00193834	-0.00576078	-0.00609744	0.00859807	0.0626842	0.0605819	0.0610736	-0.0042829	-0.00166159	-0.00247004	0.00476406	0.0526504	-0.00454976	-7.0476e-05	0.052125	0.0760334	0.0529046	0.0590482	0.0606508	-0.00247503	-0.00484299	-0.0100286	0.0562249	0.00130938	-0.00354298	0.0534826	0.0630966	0.0627062	0.0582105	0.00177196	-0.00623578	0.00531933	0.0393419	0.0633514	-0.00407831	-0.00176545	-0.00207938	-0.000100982	0.00135806	0.000977538	-0.00130034	0.069641	-0.0898522	0.0517303	0.0614655	0.0636677	0.0628421	0.0505424	0.0367369	-0.00356335	0.000121009	0.0659406	0.0112763	0.00118964	0.00145659	0.00276927	0.00059161	-0.00141315	-0.000741773	-0.00561442	-0.00526643	0.0634002	0.0590334	0.05228	0.0646468	0.061486	0.0918827	0.068807	0.0586803	-0.0057841	-0.0445537	0.0444226	0.00150273	0.0552911	-0.00803182	-0.00376768	-0.00822567
0.0666322	0.000988588	0.0554748	0.0692971	0.0484948	0.0488585	0.000244817	0.00736575	0.0543264	0.000810348	0.00962603	-0.103323	-0.00219311	0.0572428	0.0554541	-0.00979781	-0.00595722	-0.000614394	-0.0137813	0.0498943	0.5	-0.00905538	0.0616105	0.00363884	-0.0013601	-0.00722714	0.00428699	0.0576532	0.0591219	0.0573006	0.00255807	0.0049327	0.00166687	-0.00254346	0.0661185	-0.00849363	0.00171053	0.0615131	0.058039	0.064004	0.0494513	0.0644247	-0.00300489	-0.00877332	-0.00454112	0.0608839	0.00281666	0.00168156	0.0669393	0.0845332	0.0710024	0.0620236	-0.00056041	-0.00336388	0.00939171	0.0472036	0.0411578	0.00913262	-0.00231031	-0.00797343	-0.00152054	-0.00290834	0.0038897	-0.00307046	0.0511575	-0.0889804	0.0521674	0.0548536	0.0661171	0.0736651	0.0524109	0.0417538	0.000343214	0.00168988	0.0806658	0.0114831	0.00702229	0.00127857	0.00275856	0.00338051	-0.00247915	-0.001864	-0.00826666	-0.00904698	0.0619874	0.066736	0.0598076	0.0791394	0.0626018	0.0652937	0.057024	0.0519818	-0.000454205	-0.0658495	0.0644914	0.00525526	0.0617239	0.00743477	-0.0013569	0.00206273
0.00704471	0.0908261	-0.0182994	0.00630181	-0.00523159	0.00261385	0.119792	0.0969937	0.00936125	0.0930159	0.102215	0.0128626	0.105095	-0.00667609	-0.0148319	0.0962231	0.0920936	0.109415	0.0928434	-0.00885936	-0.00905538	0.5	0.00416782	0.0971994	0.103479	0.104593	0.112743	0.00596525	-0.00118423	0.0122281	0.0982015	0.104818	0.0828071	0.114415	-0.00219425	0.0940322	0.105359	-0.0142498	0.0139614	-0.0071022	-0.00834837	-0.00220819	0.111342	0.114515	0.117884	-0.0135196	0.0913115	0.104296	-0.00727838	0.0164452	0.000595976	-0.00525909	0.115266	0.115352	0.101834	0.004559	-0.00589941	0.109472	0.0956771	0.0872947	0.11307	0.0971598	0.0940419	0.109879	0.00120055	-0.18247	-0.0156203	0.00232525	0.00575444	0.00367791	0.0066559	-0.0154892	0.106475	0.0970695	-0.00624298	0.0989503	0.102175	0.108382	0.115863	0.0878003	0.0956127	0.100288	0.118743	0.0972508	-0.00678386	-0.00204946	-0.00114264	0.00103969	-0.00886873	0.00185518	0.00881974	-0.00809106	0.114846	-0.164576	0.00260795	0.0947337	-0.0100923	0.100212	0.100652	0.109616
0.0764699	0.0243932	0.0593743	0.0812517	0.0644803	0.0631849	0.0235576	0.0248434	0.0752858	0.010752	0.0161879	-0.0961628	0.0224925	0.065677	0.0596663	0.00914701	0.00358812	0.0223229	0.00941114	0.0596388	0.0616105	0.00416782	0.5	0.0220071	0.0177525	0.0153021	0.027365	0.0876914	0.0868186	0.0693903	0.0102287	0.0150988	0.00521637	0.026504	0.0700219	0.011616	0.01401	0.0563393	0.0759573	0.0733088	0.060061	0.0578723	0.0142946	-0.000774079	0.00825734	0.0541203	0.0165807	0.0193842	0.0604129	0.0808877	0.0798502	0.0669024	0.00563184	0.0145126	0.0190927	0.0688341	0.0760731	0.0165641	0.017444	0.00773995	0.0168955	0.0168714	0.0184366	0.00897237	0.0709323	-0.0846509	0.0659534	0.0723013	0.0743053	0.0663448	0.0613545	0.0400771	0.0139425	0.025063	0.072309	0.0268233	0.0269547	0.0313578	0.021699	0.00963268	0.0116204	0.0185681	0.000240759	0.0138763	0.0746996	0.060498	0.0637594	0.0644819	0.0790144	0.0903419	0.0819973	0.0831729	0.0101313	-0.0529845	0.0606214	0.0106241	0.0528555	0.0256919	0.0156022	0.0123057
0.0177219	0.111422	0.00297	0.0138811	0.00244756	0.00779061	0.116431	0.0877317	0.0171746	0.111877	0.0982875	-0.00944949	0.0951743	0.0145885	-0.00383401	0.09471	0.116618	0.114095	0.0771715	0.00193834	0.00363884	0.0971994	0.0220071	0.5	0.101604	0.0997765	0.101725	0.0187628	0.0125895	0.0101697	0.0899909	0.105522	0.0999829	0.117489	0.00346101	0.0909462	0.104454	0.00792068	0.022152	0.00408298	-0.000889258	0.0114759	0.093758	0.0940634	0.0899303	0.00349655	0.098538	0.113871	-0.00128259	0.0241415	0.0131623	0.0105499	0.0929194	0.112217	0.103089	0.0177821	0.015504	0.101104	0.0795462	0.0967247	0.119197	0.115499	0.112236	0.114211	0.00541543	-0.161467	-0.0019896	0.0170122	0.0149636	0.0130195	0.00757892	-0.00170176	0.0954819	0.104013	0.00674434	0.101717	0.107095	0.115235	0.112272	0.116281	0.10187	0.10556	0.0741617	0.105559	0.00355028	0.0184335	0.00807908	0.00764217	-0.00187213	0.015311	0.0161614	-0.000650488	0.10662	-0.148812	0.00615095	0.100849	0.00111443	0.110504	0.116965	0.0961133
0.0115392	0.111189	-0.00131038	0.00808139	0.00796192	0.00132326	0.113942	0.109607	0.0168632	0.122993	0.119391	-0.021803	0.113141	0.0169658	-0.00983998	0.0992573	0.0845044	0.114982	0.0898874	-0.00576078	-0.0013601	0.103479	0.0177525	0.101604	0.5	0.112764	0.100793	0.011327	0.00419101	0.0214751	0.101986	0.112622	0.0955213	0.104085	0.00360656	0.110344	0.0947078	-0.0051465	0.0163324	0.0106865	0.00535639	0.00797456	0.102176	0.0877144	0.094173	-0.00466484	0.111727	0.1216	-0.00568577	0.0237059	0.00705408	0.00877577	0.110718	0.11306	0.103654	0.0181189	0.00865601	0.105994	0.09749	0.0914444	0.108026	0.0948852	0.108218	0.100333	0.00398559	-0.169258	-0.00305292	0.0143445	0.0175683	0.00229221	0.011949	-0.00637158	0.0855597	0.103233	0.00284278	0.102285	0.104685	0.0881604	0.101056	0.105546	0.103889	0.107584	0.0914158	0.115682	0.00591569	0.0101729	0.000336935	0.00562169	0.00179803	0.0132177	0.00663659	0.00472174	0.0978441	-0.152395	0.00745614	0.0961914	-0.000234608	0.108547	0.0921219	0.111764
0.00622976	0.107601	0.000147925	0.0114716	-0.00790254	0.00172056	0.133242	0.0969656	0.0110715	0.10442	0.106703	-0.00110609	0.117391	0.00837582	-0.00908276	0.0970916	0.107104	0.107849	0.108763	-0.00609744	-0.00722714	0.104593	0.0153021	0.0997765	0.112764	0.5	0.102325	0.0103581	-0.00689569	0.0135101	0.0899131	0.0948507	0.120017	0.116665	-0.0100208	0.0982602	0.092393	-0.0111856	0.018968	-0.00405787	-0.00371768	0.00257932	0.101917	0.106217	0.101799	-0.0137238	0.120355	0.0918533	-0.00507964	0.0136131	0.0022723	0.00472007	0.0972459	0.12247	0.106486	0.0136055	-0.00240055	0.0950899	0.119032	0.117488	0.0856749	0.107172	0.100794	0.0888406	-0.00329772	-0.177263	-0.00912325	0.000631534	0.016994	-0.00374379	0.00450445	-0.012043	0.107186	0.108098	-0.0103793	0.118777	0.106005	0.12678	0.109306	0.101415	0.106232	0.108601	0.113079	0.127018	0.00192877	0.00777539	-0.00135058	0.00417054	-0.00474647	0.00910746	0.0127811	-0.00999955	0.112748	-0.164712	-0.00519653	0.0958444	-0.0140546	0.11182	0.0908022	0.111868
0.0293366	0.211474	0.00985265	0.0191366	0.00601499	0.0186383	0.117753	0.119702	0.010772	0.0973082	0.105237	0.00820591	0.114357	0.0198704	0.00281147	0.11698	0.099369	0.124247	0.116233	0.00859807	0.00428699	0.112743	0.027365	0.101725	0.100793	0.102325	0.5	0.0231847	0.00919378	0.0249707	0.126647	0.114658	0.0876693	0.132249	0.00813627	0.10246	0.119595	0.000989735	0.0234047	0.00235874	0.00658446	0.0118382	0.117851	0.0983867	0.104725	0.000587939	0.103976	0.109765	0.00483675	0.0281742	0.0126245	0.00547436	0.0910749	0.10721	0.119649	0.0174077	0.0108901	0.120378	0.145264	0.0993623	0.118855	0.136016	0.10642	0.0984511	0.00974587	-0.160027	0.00446344	0.0224188	0.0221583	0.00968989	0.0117133	-0.00151437	0.123826	0.104154	0.0128674	0.121139	0.120108	0.10752	0.109904	0.101723	0.107181	0.112771	0.10301	0.104099	0.0166134	0.0142367	0.0152068	0.00600051	0.00950381	0.0109354	0.0147362	0.000130098	0.121754	-0.141915	0.00888541	0.0963372	0.0077528	0.127227	0.120463	0.10541
0.0887823	0.0156435	0.0619407	0.0672403	0.0550573	0.0529738	0.0156687	0.0273518	0.0686416	0.00291892	0.0140707	-0.0982976	0.00839047	0.054557	0.0547936	0.00691053	-0.00172275	0.0104911	0.00291224	0.0626842	0.0576532	0.00596525	0.0876914	0.0187628	0.011327	0.0103581	0.0231847	0.5	0.0705744	0.0651563	0.00576124	-0.000867533	0.00342629	0.00904011	0.0523256	0.00195208	0.00711024	0.0507712	0.0790714	0.0623963	0.07935	0.0802337	0.00466756	-0.00191308	0.00348044	0.0469155	0.00398349	0.0100496	0.0668455	0.0839696	0.0697903	0.0619371	0.00716667	0.0150362	0.0148969	0.0744273	0.0520598	0.012411	0.00502524	-0.00290991	0.013877	0.0128883	0.00901062	-0.00384653	0.0673536	-0.0633675	0.0548892	0.0700425	0.0731899	0.0916432	0.0522089	0.0440862	0.012562	0.0134191	0.0505598	0.0245181	0.00698482	0.0178815	0.0163635	0.00954072	0.0102754	0.00523719	-0.000659047	0.0113332	0.0684606	0.0657964	0.0697064	0.0642896	0.0643469	0.0896655	0.0785212	0.0555041	0.00192966	-0.0452188	0.0636158	0.0101929	0.0746609	0.0121456	0.00576785	0.00489383
0.0720401	0.00272081	0.0786241	0.066195	0.0635686	0.0712231	0.00744817	0.00549868	0.0874412	-0.0110379	0.00639789	-0.108952	0.00499636	0.053787	0.0557675	-0.00185217	-0.00860304	0.00435704	-0.00506939	0.0605819	0.0591219	-0.00118423	0.0868186	0.0125895	0.00419101	-0.00689569	0.00919378	0.0705744	0.5	0.0780707	0.00112367	0.00307475	-0.00450904	0.0113502	0.0760485	0.00213489	0.000973453	0.0678508	0.0875898	0.0886919	0.0607309	0.0678735	-0.000755225	-0.00864687	-0.0070881	0.0650162	0.00935939	0.00785766	0.0748684	0.0838772	0.0805637	0.0606674	0.00254014	0.0025844	0.00942269	0.078083	0.0662953	0.00600184	0.00475839	-0.00118673	0.00085775	0.00198267	0.00290123	-0.00515199	0.0772495	-0.0717011	0.0536174	0.0679161	0.0577518	0.0709761	0.0673952	0.0517561	0.00282587	0.00444205	0.0686649	0.00911675	0.0086022	0.00989041	0.0106402	0.00340089	-0.000822482	0.000489014	-0.00834255	-0.00241562	0.0796489	0.0660738	0.0629374	0.0655173	0.0828185	0.0792813	0.0710673	0.0683141	-0.000266092	-0.0469882	0.0799681	0.00105938	0.068837	0.006679	0.000613451	0.00794716
0.0605937	0.0193987	0.0587496	0.0743876	0.0614506	0.0510582	0.0210519	0.0314141	0.0819176	0.00556567	0.0215973	-0.0953194	0.0235667	0.0617858	0.0541372	0.00574321	0.00155987	0.0173685	0.0165331	0.0610736	0.0573006	0.0122281	0.0693903	0.0101697	0.0214751	0.0135101	0.0249707	0.0651563	0.0780707	0.5	0.020175	0.0109027	0.0100576	0.0207723	0.0699497	0.0117747	0.0134576	0.0646531	0.0742263	0.0618161	0.0666079	0.0714807	0.0113112	0.00792679	0.000434363	0.0546627	0.0109647	0.0174669	0.0704258	0.0838409	0.0672922	0.0616773	0.022357	0.0177543	0.0192455	0.0727944	0.0515826	0.0174103	0.0200238	0.00928751	0.0211705	0.016011	0.0207362	0.00686169	0.0822379	-0.0932059	0.0432924	0.0714336	0.0706407	0.0593021	0.0586207	0.046496	0.0152565	0.0177508	0.0615935	0.0297345	0.0170619	0.0249644	0.0247718	0.0170044	0.0200571	0.0130506	0.00780211	0.0169397	0.0752958	0.0695715	0.0565853	0.0397654	0.0652479	0.0801201	0.0768021	0.0598276	0.0163282	-0.0815578	0.0561116	0.0149558	0.0515063	0.0193602	0.0148299	0.0104566
0.00491566	0.112651	-0.0152274	0.00226915	-0.00824751	0.00338926	0.105566	0.118269	0.00925924	0.0846745	0.119665	-0.0224227	0.091852	0.00847979	-0.00835127	0.122941	0.108407	0.110601	0.105723	-0.0042829	0.00255807	0.0982015	0.0102287	0.0899909	0.101986	0.0899131	0.126647	0.00576124	0.00112367	0.020175	0.5	0.0901757	0.0886067	0.111094	0.00133019	0.100416	0.102387	-0.0158515	0.0065631	-0.00965109	0.000901964	0.00623438	0.101591	0.0933516	0.085887	-0.0119744	0.102977	0.0994635	-0.0103785	0.00960029	0.0105134	0.0039301	0.0962373	0.100561	0.0903775	0.00508781	0.00496747	0.108898	0.119502	0.10568	0.104712	0.114046	0.0971638	0.0942623	0.00177277	-0.163498	-0.00723052	0.00814149	0.0122685	0.00330254	0.00413593	-0.0163202	0.107582	0.106971	0.00543454	0.110156	0.11052	0.0861493	0.108581	0.10119	0.116633	0.105541	0.0776817	0.0969718	-0.00604565	0.000168267	-0.000386539	-0.000619892	-0.0067555	0.0042065	0.00454713	-0.011272	0.0828362	-0.158854	0.00247004	0.103788	-0.00194143	0.113691	0.117229	0.101604
0.00980314	0.104842	-0.00338293	0.0105893	-0.00652177	0.00986666	0.0973866	0.0951809	0.0134574	0.109002	0.0979454	-0.0134589	0.100131	0.00673231	-0.00547814	0.126326	0.106893	0.115497	0.0945263	-0.00166159	0.0049327	0.104818	0.0150988	0.105522	0.112622	0.0948507	0.114658	-0.000867533	0.00307475	0.0109027	0.0901757	0.5	0.0939762	0.106197	-0.00332972	0.0855832	0.111396	-0.00447974	0.0154123	-0.00636814	0.00104494	0.00925989	0.104294	0.0925867	0.0992755	-0.00641855	0.102307	0.104766	-0.00913458	0.0164856	0.00503513	-0.000813756	0.103782	0.103674	0.103304	0.00567001	0.00598603	0.105173	0.090671	0.0960443	0.124444	0.103126	0.0882776	0.0991589	-0.00156803	-0.169833	-0.00677814	0.00480932	0.0120082	0.00745122	0.0127159	-0.00180251	0.0956024	0.101007	0.00638595	0.100763	0.115858	0.0882702	0.0923545	0.11055	0.0936682	0.117056	0.0960788	0.0895272	-0.00013961	0.00931002	-0.00116614	0.0101227	0.00401329	0.00189245	0.00423319	-0.000995183	0.119265	-0.150293	0.00528666	0.093517	-0.000461238	0.116092	0.115764	0.104769
-0.00551171	0.100347	-0.0131906	0.00407567	-0.0105325	0.00145508	0.101569	0.0846992	0.00855821	0.109859	0.0883709	-0.0184703	0.0830097	-0.010084	-0.00378373	0.0971403	0.0867229	0.0945683	0.0991891	-0.00247004	0.00166687	0.0828071	0.00521637	0.0999829	0.0955213	0.120017	0.0876693	0.00342629	-0.00450904	0.0100576	0.0886067	0.0939762	0.5	0.102928	-0.00386704	0.0979956	0.0901773	-0.00687822	0.0122443	-0.0141356	-0.012232	-0.000359073	0.0821486	0.103272	0.0978961	-0.0131447	0.0933783	0.108037	-0.0133106	0.00968583	-0.00266454	-0.000471703	0.0915715	0.112292	0.0993616	0.000524018	-0.0065101	0.0752847	0.0971051	0.0847765	0.0860561	0.10334	0.10157	0.0863385	-0.000827998	-0.174367	-0.00643953	0.00155294	0.00304533	-0.00215645	-0.00274319	-0.0133349	0.0707161	0.107424	-0.0130678	0.0996908	0.0949534	0.0989385	0.100817	0.101529	0.0943625	0.0938099	0.096049	0.10373	-0.0125296	0.00445579	0.00229901	0.00994268	-0.000211821	0.0025416	0.00685266	-0.0105962	0.0815988	-0.162139	-0.00013526	0.0918707	-0.00815668	0.0979586	0.0921742	0.0969682
0.0230276	0.12322	0.00472902	0.015305	0.00551278	0.0110059	0.118253	0.100352	0.0171959	0.094981	0.106008	-0.00659313	0.1161	0.0161793	-0.00475659	0.109988	0.110857	0.117687	0.114898	0.00476406	-0.00254346	0.114415	0.026504	0.117489	0.104085	0.116665	0.132249	0.00904011	0.0113502	0.0207723	0.111094	0.106197	0.102928	0.5	0.00949475	0.0941317	0.109689	-0.00667691	0.0255313	0.00813122	0.00751623	0.0130637	0.111321	0.0844832	0.115323	0.00349242	0.10003	0.121294	-0.00406575	0.0193432	0.0141202	0.0048175	0.107423	0.107008	0.109721	0.00724669	0.0107001	0.118402	0.126487	0.0964103	0.12136	0.10993	0.100551	0.114691	0.0100589	-0.164277	-0.00147306	0.0187902	0.022983	0.0109084	0.0161509	-0.00822299	0.103708	0.118283	0.00470691	0.132069	0.113941	0.120829	0.117727	0.0981951	0.109219	0.126808	0.108429	0.120327	0.0109046	0.0134098	0.00995373	0.00227198	0.00310692	0.0129668	0.0110735	-0.00519102	0.120085	-0.14557	0.00825369	0.101285	0.00197065	0.120565	0.107815	0.0885433
0.0768147	0.00547047	0.0754286	0.0577869	0.0566409	0.0481632	3.96435e-05	0.00668282	0.061174	-0.00986904	0.00694421	-0.111688	0.00169649	0.0425179	0.0673842	-0.000490245	-0.0105276	-0.00239038	-0.00794582	0.0526504	0.0661185	-0.00219425	0.0700219	0.00346101	0.00360656	-0.0100208	0.00813627	0.0523256	0.0760485	0.0699497	0.00133019	-0.00332972	-0.00386704	0.00949475	0.5	0.00140447	0.00674783	0.0398375	0.0546154	0.0716869	0.0662504	0.0480955	-0.00151747	-0.0118965	-0.00834738	0.0650692	0.00411792	-0.00203225	0.0568703	0.0756694	0.0752353	0.0651355	-0.00221002	-0.00175633	0.00213883	0.0719488	0.060976	-0.00381454	-0.00131258	-0.0103991	-0.00450634	0.00161095	0.00590772	-0.00435272	0.0690438	-0.0931528	0.0610974	0.0654405	0.067981	0.0634825	0.0631382	0.0518798	0.00194103	0.00535421	0.0670261	0.00711956	0.0047089	0.00512979	0.0070659	0.00428968	-0.000397938	0.00109642	-0.00840553	-0.00205854	0.0668216	0.0658235	0.0630739	0.0612238	0.0835224	0.0799673	0.0852423	0.0537826	-0.00855975	-0.053055	0.0692485	-0.00255955	0.060712	0.00694154	0.00159801	-0.00467727
0.00511539	0.112233	-0.00461182	0.00415557	-0.000577512	0.00868566	0.109308	0.0974309	0.0146976	0.103242	0.0968414	0.000935123	0.104194	0.00480082	-0.0113328	0.0983308	0.0816981	0.0849473	0.0920324	-0.00454976	-0.00849363	0.0940322	0.011616	0.0909462	0.110344	0.0982602	0.10246	0.00195208	0.00213489	0.0117747	0.100416	0.0855832	0.0979956	0.0941317	0.00140447	0.5	0.0897141	-0.00610244	0.0134535	-0.000369383	-0.00271568	0.00139203	0.101955	0.0954239	0.101552	0.00102087	0.113507	0.101987	-0.00846039	0.0162029	0.00385849	0.0022319	0.118412	0.106785	0.0946933	0.00981594	0.00471122	0.0959062	0.0965574	0.116463	0.101909	0.105778	0.106075	0.0917487	-0.00925214	-0.176042	-0.00814022	0.00932432	0.0123992	-0.000874735	-0.00165674	-0.0101915	0.107703	0.101764	-0.000274242	0.099201	0.101597	0.105054	0.12504	0.104639	0.112146	0.108646	0.100171	0.115355	-0.00647715	0.00518702	0.00216306	0.00482493	-0.000430775	0.00741089	0.0120377	-0.00587465	0.0892673	-0.16237	8.8533e-05	0.102731	-0.00683024	0.0964936	0.112446	0.0967645
0.0113484	0.108932	-0.000100876	0.0143943	-0.00447744	-0.00107125	0.105635	0.109544	0.0160993	0.0889337	0.102131	0.0123398	0.107253	0.00916919	-0.00993171	0.0956965	0.104445	0.133648	0.0932934	-7.0476e-05	0.00171053	0.105359	0.01401	0.104454	0.0947078	0.092393	0.119595	0.00711024	0.000973453	0.0134576	0.102387	0.111396	0.0901773	0.109689	0.00674783	0.0897141	0.5	-0.00334431	0.0115793	0.00111846	-0.00460918	0.00354525	0.103184	0.0880202	0.0964251	-0.00484782	0.105695	0.0962278	-0.0112451	0.0119495	0.00898857	0.00162329	0.102378	0.102774	0.115861	0.00835278	0.0052208	0.10608	0.113856	0.0853933	0.10636	0.117369	0.119198	0.0877019	-0.00146992	-0.178867	-0.00841884	0.010891	0.012184	0.0108706	0.00949052	-0.00627966	0.11225	0.0926771	-0.00401411	0.111723	0.105779	0.111671	0.112799	0.0923523	0.109921	0.111461	0.0963434	0.110248	0.000109791	0.00790345	0.00293706	0.00706443	0.00317591	0.00312723	0.00725202	0.000553868	0.102437	-0.163976	-0.00351407	0.103807	-0.00529454	0.107697	0.102766	0.104853
0.0600004	-0.00266754	0.0591257	0.0617976	0.0598943	0.0433966	0.000642984	-0.00298814	0.0461382	-0.00788587	0.000675842	-0.107168	4.64429e-05	0.0462666	0.0407836	-0.0153493	-0.0111948	-0.00380331	-0.0112972	0.052125	0.0615131	-0.0142498	0.0563393	0.00792068	-0.0051465	-0.0111856	0.000989735	0.0507712	0.0678508	0.0646531	-0.0158515	-0.00447974	-0.00687822	-0.00667691	0.0398375	-0.00610244	-0.00334431	0.5	0.0599039	0.0620767	0.0524759	0.0645696	0.0011817	-0.00314419	-0.01156	0.0484572	-0.00477657	-0.00302906	0.0624882	0.0739585	0.0571063	0.0565945	0.00103057	-0.00613165	0.00509641	0.0631218	0.0466471	-0.00419591	-0.00514209	-0.0117766	-0.0072023	-0.00309851	-0.00641005	-0.00213527	0.0489689	-0.0772262	0.02981	0.0535822	0.0584049	0.0549392	0.0447828	0.0315762	-0.0020884	-0.00758038	0.066638	0.00170837	-0.0024793	-0.00234965	-0.00524457	-0.00416763	-0.0076815	-0.00508554	-0.00881473	-0.00370278	0.0575521	0.0527903	0.0498619	0.0587715	0.0794368	0.0554414	0.0695545	0.0588629	-0.00121949	-0.0522315	0.0547376	-0.0111923	0.0346439	0.00760526	-0.0091124	-0.00172459
0.104521	0.0156382	0.0761159	0.0640979	0.0499259	0.067739	0.0228329	0.0132105	0.0665785	0.000568706	0.0143347	-0.090353	0.0166635	0.0708215	0.0477362	0.00748062	0.00186169	0.0180509	0.0140422	0.0760334	0.058039	0.0139614	0.0759573	0.022152	0.0163324	0.018968	0.0234047	0.0790714	0.0875898	0.0742263	0.0065631	0.0154123	0.0122443	0.0255313	0.0546154	0.0134535	0.0115793	0.0599039	0.5	0.0809619	0.0881223	0.06687	0.00746685	0.00228071	0.00195832	0.0600874	0.0182789	0.0159425	0.0714597	0.0876162	0.0734194	0.0491517	0.00909431	0.0178414	0.0122615	0.071202	0.0778227	0.0150962	0.0147595	0.0109302	0.0196843	0.0202395	0.0191619	0.00638065	0.0717074	-0.058797	0.0751232	0.072102	0.0815627	0.0710687	0.0674273	0.0454581	0.0132747	0.0154422	0.076673	0.0285562	0.014015	0.0273667	0.0196428	0.00728711	0.021538	0.0164111	0.00395825	0.0177517	0.0714255	0.0725226	0.0527935	0.0812589	0.0676981	0.0745224	0.0639776	0.0633546	0.0130869	-0.0419595	0.0716394	0.0104225	0.0604133	0.0208067	0.0132331	0.00864869
