0.5	0.0509293	0.0686121	-0.00888553	-0.0172047	0.00155802	0.0714325	-0.0149801	-0.00672486	-0.00788736
0.0509293	0.5	0.057345	-0.00570017	-0.0044051	-0.000884466	0.0682618	-0.00141486	0.00600813	-0.000363515
0.0686121	0.057345	0.5	0.00935367	-0.00590203	0.0115067	0.0563981	0.00412802	0.00773184	0.0127177
-0.00888553	-0.00570017	0.00935367	0.5	0.0955175	0.110306	-0.00900942	0.107165	0.109074	0.0881096
-0.0172047	-0.0044051	-0.00590203	0.0955175	0.5	0.107452	-0.00564281	0.088744	0.103347	0.0968761
0.00155802	-0.000884466	0.0115067	0.110306	0.107452	0.5	-0.000401309	0.118957	0.11068	0.0983896
0.0714325	0.0682618	0.0563981	-0.00900942	-0.00564281	-0.000401309	0.5	-0.00663709	0.000953499	0.00068842
-0.0149801	-0.00141486	0.00412802	0.107165	0.088744	0.118957	-0.00663709	0.5	0.113433	0.0896125
-0.00672486	0.00600813	0.00773184	0.109074	0.103347	0.11068	0.000953499	0.113433	0.5	0.0938551
-0.00788736	-0.000363515	0.0127177	0.0881096	0.0968761	0.0983896	0.00068842	0.0896125	0.0938551	0.5
