0.5	0.013812	0.062186	0.0645691	0.0596966	0.0569792	0.0218202	0.0218304	0.0703666	-0.0057514	0.00401457	-0.0924447	0.0187142	0.0584734	0.0455964	0.00569632	-0.011379	0.00578127	0.0102794	0.0746357	0.0644588	-0.00137092	0.0701008	0.0202849	0.00744332	0.0025503	0.0289077	0.0898913	0.0685033	0.0588511	0.00560458	0.00195906	-0.0116887	0.016457	0.0745445	0.00608605	0.0106345	0.0509175	0.0963879	0.0555966	0.0808346	0.078333	0.00882525	4.13564e-05	-0.0104913	0.0430169	0.00290618	0.0144425	0.0580537	0.0706093	0.0701285	0.0569649	0.00984747	0.00258581	-0.00164924	0.0879377	0.0530586	0.0100303	-0.00545541	0.00800995	0.0110235	0.0146272	0.00914716	-0.00677716	0.0497824	-0.0636592	0.0419512	0.0766516	0.0836227	0.0711371	0.0560847	0.0418779	0.00477055	0.00536873	0.0660747	0.0183176	-0.00391309	0.0189841	0.013782	0.0112381	0.0104424	0.0121239	-0.0126947	0.00316973	0.0805177	0.063198	0.0613487	0.0659723	0.0621659	0.0850399	0.0775565	0.0453468	-0.00468268	-0.0393798	0.0736689	0.0113531	0.0770665	0.0119173	0.0223955	0.0114151
0.013812	0.5	0.00269649	0.00718126	0.00313627	0.00868564	0.115081	0.12059	0.018581	0.109312	0.0999098	-0.00564063	0.107037	0.0107744	-0.011136	0.099364	0.109315	0.120762	0.117676	-0.00631407	-0.00028423	0.0807871	0.0194561	0.109787	0.107004	0.105285	0.210089	0.0133553	-0.000565897	0.018373	0.112906	0.0974655	0.0937971	0.119971	0.0039557	0.112013	0.107634	-0.0116323	0.009342	0.00677098	0.00330455	0.0117199	0.0997836	0.0733038	0.0933723	-0.00807529	0.100279	0.112391	-0.00568407	0.0153772	0.00134817	-0.00250571	0.100814	0.10166	0.100915	0.00719344	0.0011766	0.103791	0.124132	0.103601	0.105714	0.126536	0.0964839	0.0991235	-0.000441775	-0.171987	-0.00990907	0.0190498	0.0203793	0.00272261	0.0075842	-0.00312228	0.103121	0.0910196	0.00412591	0.116738	0.0976073	0.112171	0.10324	0.115656	0.0965625	0.106621	0.0843043	0.0993394	0.00598517	0.00904812	0.0131627	0.000191086	-0.00183505	0.0110796	0.0191741	-0.0186049	0.0944654	-0.165507	-0.00538375	0.0931183	-0.0031945	0.109324	0.118916	0.102945
0.062186	0.00269649	0.5	0.0630479	0.0499877	0.0513321	0.00430624	0.00678058	0.0638419	-0.0189668	-0.00777079	-0.111708	0.0031135	0.0656477	0.0398412	-0.00810327	-0.0238313	-0.000338077	-0.00495418	0.0368925	0.0552299	-0.0254731	0.0556054	0.00521038	-0.00267222	-0.000329456	0.00877385	0.0613576	0.0757168	0.058989	-0.0116355	-0.00859397	-0.0165264	0.00231127	0.0752052	-0.000906906	0.00240422	0.0509921	0.0690986	0.0690409	0.0633336	0.0632337	0.00184766	-0.0278783	-0.0276931	0.0681849	0.00409081	0.00312211	0.0428781	0.0809412	0.0687606	0.0545479	-0.00387085	-0.00953008	-0.00118078	0.085558	0.0578594	0.00423265	-0.00336565	-0.00432052	-0.000121935	-0.00151127	-0.00589382	-0.0131736	0.0588511	-0.0886453	0.0559084	0.0580438	0.0807774	0.0596078	0.0767199	0.0690504	-0.010364	-0.0012811	0.0607712	0.0081526	-0.00822356	0.0109528	0.0110277	-0.00526102	0.00875683	-0.00420238	-0.0212708	-0.0115138	0.0723697	0.0744649	0.0522264	0.0529357	0.0783598	0.0640375	0.0786713	0.0516078	-0.0066971	-0.0636088	0.0678279	-0.00661093	0.0607924	0.0116426	-0.00685749	-0.00129431
0.0645691	0.00718126	0.0630479	0.5	0.0488034	0.0515426	0.00486612	0.013648	0.0537199	0.0018983	0.00445625	-0.0969108	0.00605329	0.052562	0.0466016	-0.000149707	-0.0150797	0.000694441	0.00281634	0.054709	0.0655813	0.000338588	0.0731279	0.00724173	0.00158472	0.00721564	0.0128121	0.0591643	0.058272	0.0654765	-0.00351036	0.00420925	-0.000552757	0.00794967	0.0515862	-0.00288612	0.00911126	0.0524052	0.0553646	0.0565098	0.049835	0.0622216	0.00326714	-0.00514271	-0.00841957	0.044004	0.0100545	0.013107	0.0555427	0.0584106	0.0518193	0.0574268	0.00889513	0.00526358	0.0130714	0.0424238	0.0414657	0.00100484	0.00881185	-0.00408537	0.00310561	0.00758509	0.00226415	0.000394672	0.0513979	-0.0867682	0.0389394	0.0589715	0.0645558	0.0752893	0.0526713	0.056526	0.00631245	0.00752277	0.0769009	0.01128	0.0104909	0.0154541	0.00866063	0.00203392	0.00177082	0.00644421	-0.00916563	-0.00248028	0.0513392	0.0547522	0.060513	0.0563272	0.0723823	0.0530961	0.0678701	0.0631097	-0.00185195	-0.0819669	0.0611369	0.00289476	0.0636017	0.00440408	0.00059321	0.00378353
0.0596966	0.00313627	0.0499877	0.0488034	0.5	0.0442535	0.000468058	0.0186337	0.0468231	-0.00866283	-0.00366682	-0.110631	0.00544861	0.056138	0.0292118	-0.0122372	-0.0129789	0.00309208	-0.00330031	0.0428534	0.0479122	-0.0123381	0.0622387	0.00503958	0.00923367	-0.00349073	0.00881759	0.0561459	0.0614773	0.0623679	-0.00486321	-0.0120529	-0.0140266	0.00798716	0.056233	0.00152453	-0.00131119	0.0509726	0.0474731	0.0664374	0.0518568	0.0664652	-0.00204834	-0.00751285	-0.0232174	0.0399492	-0.000197174	0.00540929	0.0471156	0.071547	0.0558109	0.0248995	0.00336662	-0.00176882	-0.00279645	0.0663155	0.0356696	0.00822234	-0.00454846	0.00749198	0.00833346	-0.00433928	0.00328443	-0.0108338	0.0596515	-0.0977063	0.0186487	0.0681207	0.0546416	0.0571546	0.0547263	0.068184	-0.00369463	0.00452041	0.052932	0.00946915	-0.00240366	0.00167893	0.0057335	-0.00113879	0.00422703	0.00571413	-0.0169281	-0.00966105	0.0725534	0.0512099	0.04862	0.0421922	0.0506445	0.0513044	0.0677125	0.0387024	-0.0125781	-0.0797548	0.0413642	-0.00165617	0.0446959	0.00566855	0.00544158	0.00409283
0.0569792	0.00868564	0.0513321	0.0515426	0.0442535	0.5	0.00545591	0.00600927	0.0452226	-0.000176411	0.00217953	-0.0980534	0.000794566	0.046043	0.0344133	-0.0123174	-0.00500024	-0.000837171	0.00380688	0.0665717	0.0428586	-0.00230524	0.0563712	0.00166877	-0.00478376	-0.00251421	0.0123348	0.0457466	0.064081	0.0443195	-0.0023648	0.00389083	-0.00438201	0.00456213	0.0412966	0.00257968	-0.00668041	0.0333845	0.0599291	0.0591659	0.0596907	0.0628844	0.00252122	-0.00555144	-0.0114312	0.0619019	0.00418915	0.0113788	0.0504529	0.0620016	0.0488796	0.0557838	0.00589791	-0.000487471	0.00698768	0.0383632	0.0548637	0.00561224	-0.00381987	-0.00553513	-0.00982704	-0.00312882	0.00194997	0.00138798	0.0544294	-0.0951802	0.0569646	0.060942	0.058416	0.060488	0.0694562	0.0458293	-0.000289378	0.00541592	0.0638787	0.0117053	-0.00196271	0.0111565	0.014667	0.00509508	0.0027118	-0.00136615	-0.0146353	-0.00596658	0.0412361	0.0544392	0.0478226	0.0525891	0.0672832	0.0579642	0.0465991	0.0463994	0.0078969	-0.0780223	0.0461707	-0.00456964	0.0586901	0.00419066	0.00557276	-0.00447709
0.0218202	0.115081	0.00430624	0.00486612	0.000468058	0.00545591	0.5	0.112375	0.0210377	0.0995783	0.105141	0.0255519	0.117812	0.0135663	-0.00891185	0.108181	0.090167	0.124294	0.100353	-0.00214525	-0.000666497	0.110144	0.018269	0.115873	0.109914	0.129263	0.11594	0.0139427	0.00431527	0.0200871	0.105792	0.0899831	0.0960516	0.11384	-0.00139627	0.10993	0.104853	-0.00725537	0.0151946	0.0052516	-0.000117068	0.00982265	0.0955008	0.103632	0.10492	-0.0105833	0.111063	0.11494	-0.0027047	0.0212207	0.0109543	-0.000735512	0.10789	0.117273	0.0892011	0.0188217	0.00620386	0.112981	0.11271	0.105732	0.110399	0.100702	0.110054	0.102603	-0.00224866	-0.170534	-0.00704674	0.0142671	0.024237	0.00986428	0.0158336	-0.00571464	0.0968961	0.109331	0.00346701	0.126789	0.0868123	0.122175	0.119023	0.109417	0.0970228	0.121909	0.0893952	0.0992434	0.0105259	0.00936409	0.00836265	-0.00380261	-0.00231074	0.0131326	0.0142845	-0.00510346	0.111596	-0.165839	0.014266	0.100129	0.00514549	0.110479	0.119059	0.108694
0.0218304	0.12059	0.00678058	0.013648	0.0186337	0.00600927	0.112375	0.5	0.0184437	0.0879609	0.0979473	-0.0116799	0.109787	0.0175362	-0.0101349	0.0960818	0.0829341	0.114418	0.111232	-0.00787748	0.00691144	0.0879119	0.0200155	0.0899443	0.105862	0.0936834	0.118896	0.030677	0.00275194	0.0307038	0.118775	0.087436	0.0791952	0.094409	0.00603535	0.0997995	0.108327	-0.0106282	0.00597469	0.00425279	0.00465132	0.0218895	0.0890148	0.0812365	0.0802068	-0.000559856	0.11179	0.108805	0.00335013	0.0215014	0.00300328	-0.00361519	0.110445	0.105442	0.107018	0.0177047	0.00427999	0.120255	0.115363	0.099978	0.110146	0.105088	0.094266	0.0862652	0.00262452	-0.163866	-0.00826757	0.0204705	0.0213503	0.0144017	0.00871537	-0.000777843	0.123508	0.115109	0.0094331	0.111266	0.105913	0.111494	0.104345	0.102893	0.110582	0.104675	0.0810407	0.0845832	0.0145324	0.0126346	0.00764629	0.00193445	0.00336638	0.0172196	0.00543866	-0.00916222	0.0852967	-0.165787	0.00846023	0.116493	0.00185304	0.11007	0.113222	0.101201
0.0703666	0.018581	0.0638419	0.0537199	0.0468231	0.0452226	0.0210377	0.0184437	0.5	0.00562823	0.00616486	-0.0953716	0.0196904	0.0438425	0.0384698	-0.000294335	-0.00940324	0.0156403	0.0122748	0.0471912	0.0524382	0.000909182	0.072068	0.0165987	0.0151693	0.0123345	0.00992125	0.0676035	0.0832139	0.0811394	0.00995619	0.00567419	0.00314261	0.016097	0.0588242	0.0142751	0.016351	0.0361447	0.0620864	0.0672017	0.0459306	0.0743821	0.0133618	-0.00150904	-0.00380664	0.0607634	0.0177638	0.0103179	0.0667274	0.0843614	0.0649529	0.0496553	0.0130088	0.00776718	0.00734838	0.0806727	0.0631236	0.0137456	0.00113023	0.0101577	0.00644858	0.0132867	0.00887243	-0.00676356	0.0707269	-0.09685	0.0410461	0.0795265	0.0693673	0.0499755	0.0746964	0.0580622	0.00104708	0.0102099	0.0518373	0.0244956	-0.0023287	0.0187695	0.0267735	0.01012	0.0121953	0.0133368	-0.00925646	0.00372139	0.0690461	0.075093	0.0528917	0.059156	0.0485776	0.0874187	0.0940365	0.0401923	0.0024043	-0.0823493	0.0604161	0.0136111	0.055456	0.0140952	0.011568	0.00679897
-0.0057514	0.109312	-0.0189668	0.0018983	-0.00866283	-0.000176411	0.0995783	0.0879609	0.00562823	0.5	0.120554	-0.0406668	0.0892022	0.00878735	-0.0259781	0.0980401	0.0794361	0.11859	0.0830552	-0.0121962	-0.00319637	0.0875688	0.00579184	0.107124	0.117681	0.100478	0.0928196	-0.00260775	-0.0158419	0.000628058	0.0794573	0.102915	0.104754	0.089382	-0.0148846	0.0980099	0.084258	-0.0166742	-0.00395055	-0.0129547	-0.0216207	-0.00549765	0.0821262	0.0962602	0.0973614	-0.0198038	0.103044	0.109949	-0.0172115	-0.000894668	-0.00588307	-0.00538785	0.0909959	0.1064	0.110463	-0.00255948	-0.00373447	0.0812846	0.108982	0.0996325	0.0830146	0.102986	0.0903782	0.0916817	-0.00379728	-0.178116	-0.0121518	-0.00246254	0.00211219	0.000989928	-0.00410348	-0.0130123	0.0791213	0.0890121	-0.0140307	0.0929061	0.118106	0.0801161	0.0892508	0.100813	0.105154	0.0872547	0.0862794	0.103029	-0.0157187	-7.97895e-05	-0.00177529	-0.00780543	-0.0102815	-0.00227438	-0.00193571	-0.0145497	0.0997748	-0.174001	-0.00313819	0.0790867	-0.0117951	0.0996036	0.0952991	0.0781498
0.00401457	0.0999098	-0.00777079	0.00445625	-0.00366682	0.00217953	0.105141	0.0979473	0.00616486	0.120554	0.5	-0.0186684	0.0885922	0.00458016	-0.0126632	0.0952261	0.0893314	0.095795	0.0904027	-0.00956181	0.0087285	0.0931988	0.0112601	0.0936095	0.114497	0.102443	0.100143	0.00807619	0.00217703	0.01691	0.114402	0.0907544	0.0830565	0.100537	0.00386869	0.0913063	0.0974314	-0.00744219	0.00972214	-0.00519897	1.86328e-05	0.00184498	0.104183	0.0991488	0.101728	-0.00587066	0.122095	0.0976954	0.00132761	0.0118655	0.00321137	0.00265062	0.102335	0.0952368	0.103083	0.00159599	0.001553	0.103434	0.118563	0.0889994	0.079811	0.0840864	0.0841072	0.118685	-0.00465782	-0.17281	-0.0175259	0.00775442	0.00904442	0.012092	0.00314944	-0.0070904	0.0876267	0.0883212	0.000225181	0.112929	0.0841234	0.0848328	0.108657	0.114867	0.106259	0.116221	0.0843057	0.0916946	-0.00309121	0.00859181	0.00726528	0.00746274	-0.00288229	0.00991081	0.00413431	-0.0181197	0.0894804	-0.166555	0.00692037	0.0944631	-0.00514139	0.12125	0.108497	0.0886681
-0.0924447	-0.00564063	-0.111708	-0.0969108	-0.110631	-0.0980534	0.0255519	-0.0116799	-0.0953716	-0.0406668	-0.0186684	0.5	-0.00139728	-0.099229	-0.0942109	-0.0131997	-0.00467117	-0.0049396	0.00794439	-0.103924	-0.104739	0.0081119	-0.0980496	-0.0122166	-0.0243032	-0.00324914	0.00591603	-0.101298	-0.111094	-0.0971138	-0.0250241	-0.0175395	-0.0221868	-0.0104966	-0.113448	-0.00256646	0.0101086	-0.108479	-0.0922633	-0.11015	-0.105928	-0.103261	0.002359	-0.0107039	-0.00787606	-0.109307	0.00701048	-0.0221792	-0.10899	-0.0882559	-0.103901	-0.096446	-0.000737342	-0.0138704	-0.0161859	-0.1014	-0.111648	0.00298186	-0.00225073	0.0024687	-0.0191762	-0.0173862	-0.00160742	-0.00379851	-0.111327	-0.198294	-0.103705	-0.103989	-0.102631	-0.102941	-0.0944228	-0.11425	-0.00586605	-0.0317278	-0.114494	-0.00160551	-0.00543221	0.0193222	0.0215268	-0.0144137	-0.0342729	-0.0200977	-0.00367591	-0.00926035	-0.112924	-0.0986417	-0.0987447	-0.0944366	-0.110573	-0.103557	-0.105953	-0.109888	-0.0189073	-0.18892	-0.0905734	-0.0117738	-0.0961731	0.00178927	0.00144621	-0.0284799
0.0187142	0.107037	0.0031135	0.00605329	0.00544861	0.000794566	0.117812	0.109787	0.0196904	0.0892022	0.0885922	-0.00139728	0.5	0.016068	-0.0186378	0.0905093	0.0970954	0.111214	0.110871	-0.0113227	-0.00385398	0.0953969	0.0174537	0.093646	0.108187	0.112261	0.107885	0.00674013	0.00111972	0.0219941	0.0910557	0.092371	0.0768153	0.108746	-0.000360147	0.103705	0.105446	-0.00831919	0.00904809	-0.00193386	0.00550723	0.00845385	0.0950624	0.080024	0.120125	-0.0015736	0.11819	0.115016	-0.00626816	0.0206174	-0.00315081	0.00260263	0.116255	0.106208	0.0905671	0.0177179	0.00187301	0.112062	0.100642	0.11793	0.103284	0.0960887	0.100191	0.0877545	-0.00327526	-0.167955	-0.0179949	0.0126758	0.0124784	-7.24506e-05	0.0025079	-0.00111261	0.105993	0.11013	0.0017114	0.102863	0.0906092	0.117769	0.108358	0.112457	0.105177	0.119701	0.0802689	0.107635	0.010184	0.0062117	0.00302356	-0.000207573	0.00565074	0.00709764	0.00663112	-0.00449658	0.109878	-0.166951	0.0108843	0.0995769	-0.00674877	0.117691	0.1066	0.111437
0.0584734	0.0107744	0.0656477	0.052562	0.056138	0.046043	0.0135663	0.0175362	0.0438425	0.00878735	0.00458016	-0.099229	0.016068	0.5	0.0229448	0.00701219	-0.0109086	0.0109593	0.0120612	0.0382576	0.0563628	-0.0128862	0.0607738	0.0152767	0.0156882	0.00961125	0.0195568	0.0524571	0.0512093	0.0614558	0.0117411	0.00178468	-0.0140684	0.0146624	0.0421307	0.00710082	0.0108347	0.037308	0.0648366	0.0520057	0.0551829	0.06032	0.0112183	-0.004235	-0.00998736	0.0441909	0.0065936	0.0109556	0.0532868	0.0627432	0.0502399	0.0540394	0.00915811	0.00534472	-0.000708703	0.0500648	0.0564627	0.0174858	0.00193168	0.0131414	0.011076	0.0118534	0.0114544	-0.00485954	0.042254	-0.101833	0.033253	0.0454142	0.0770846	0.0604832	0.0455381	0.0492233	0.00280021	0.011433	0.0560347	0.0238024	0.00130243	0.0107732	0.0154739	0.00614672	0.0191073	0.0085208	-0.00492948	0.00603159	0.0500913	0.052604	0.0468138	0.0479908	0.0545533	0.0612358	0.052812	0.0360459	0.00661595	-0.0820473	0.0497049	0.0120941	0.0475452	0.0159751	0.0138986	0.00432425
0.0455964	-0.011136	0.0398412	0.0466016	0.0292118	0.0344133	-0.00891185	-0.0101349	0.0384698	-0.0259781	-0.0126632	-0.0942109	-0.0186378	0.0229448	0.5	-0.0228419	-0.0216155	-0.0194637	-0.0200649	0.052018	0.0442438	-0.0231997	0.0494304	-0.0140545	-0.0196351	-0.0162063	-0.00667391	0.0439807	0.0448136	0.0427952	-0.0193555	-0.0160906	-0.0130153	-0.0145607	0.0564829	-0.0218525	-0.0199703	0.0285931	0.0362329	0.0469162	0.0367503	0.0336492	-0.0180024	-0.0123918	-0.0218552	0.0320105	-0.0164007	-0.0189269	0.0169679	0.042217	0.0549292	0.0339116	-0.0138924	-0.01577	-0.00862293	0.0495447	0.0438335	-0.0128826	-0.0197758	-0.0251451	-0.00995545	-0.0122261	-0.0096716	-0.0124572	0.037703	-0.100588	0.03516	0.0515702	0.0368061	0.0441597	0.0275301	0.0125416	-0.0149762	-0.0130699	0.0364624	-0.00532598	-0.0142371	-0.0067091	-0.0155139	-0.0129149	-0.0159551	-0.0134074	-0.0184408	-0.0106015	0.0423011	0.0395171	0.0365296	0.0384395	0.0446334	0.0584954	0.0567568	0.0337419	-0.0180122	-0.105141	0.0469463	-0.0150665	0.0403431	-0.00883381	-0.0159884	-0.0211558
0.00569632	0.099364	-0.00810327	-0.000149707	-0.0122372	-0.0123174	0.108181	0.0960818	-0.000294335	0.0980401	0.0952261	-0.0131997	0.0905093	0.00701219	-0.0228419	0.5	0.0851533	0.092911	0.0964816	-0.0118152	-0.01121	0.0879536	0.00746358	0.0930286	0.0975991	0.0953054	0.115303	0.00471576	-0.00478846	0.00415351	0.121154	0.119526	0.091701	0.106711	-0.00211614	0.0955795	0.0940734	-0.0239004	0.00559602	-0.00824188	-0.0099144	-1.02211e-05	0.102758	0.0825895	0.0827024	-0.00987339	0.111569	0.0990665	-0.0176591	0.00349795	-0.00855443	-0.00904116	0.0904187	0.0886783	0.0889667	-0.00210098	0.000911289	0.104108	0.10562	0.0903612	0.0944435	0.122721	0.102466	0.0991315	-0.0126046	-0.178892	-0.0202655	0.0051428	0.00282211	-0.00440248	-0.000112931	-0.00435494	0.0859011	0.110618	-0.00141774	0.120541	0.0940228	0.0897609	0.0820124	0.101252	0.096826	0.112241	0.0983545	0.0920053	-0.0119933	-0.00681122	-0.00491364	-0.005849	-0.00704824	0.000306634	-0.00118897	-0.0210183	0.0921816	-0.177154	-0.00574485	0.0988178	-0.00583584	0.102547	0.10538	0.0936549
-0.011379	0.109315	-0.0238313	-0.0150797	-0.0129789	-0.00500024	0.090167	0.0829341	-0.00940324	0.0794361	0.0893314	-0.00467117	0.0970954	-0.0109086	-0.0216155	0.0851533	0.5	0.0961116	0.0872726	-0.0124551	-0.0135116	0.0822567	-0.00548595	0.107161	0.0759156	0.0984834	0.0911924	-0.0119048	-0.0182066	-0.00744866	0.100256	0.0969964	0.0791585	0.100817	-0.0202106	0.0730133	0.0960801	-0.0211292	-0.0079424	-0.0196929	-0.0221481	-0.0104446	0.0898936	0.0836348	0.0770414	-0.0186926	0.108117	0.0728572	-0.0218784	-0.00349573	-0.00808972	-0.0165726	0.0905282	0.0864258	0.0869776	-0.0139463	-0.011034	0.0963092	0.0820095	0.103637	0.0931528	0.102585	0.0892293	0.0774072	-0.0130532	-0.172906	-0.0231598	-0.00748276	-0.0056727	-0.0131698	-0.0092236	-0.0223507	0.0959863	0.0873733	-0.0105106	0.103065	0.0861469	0.0795904	0.0854698	0.0916491	0.0977933	0.105893	0.0714036	0.0958988	-0.0205985	-0.008937	-0.00890857	-0.00808211	-0.0144848	-0.0115678	-0.0109952	-0.0271804	0.0835705	-0.167664	-0.00724634	0.0769237	-0.0153218	0.101522	0.101448	0.0874002
0.00578127	0.120762	-0.000338077	0.000694441	0.00309208	-0.000837171	0.124294	0.114418	0.0156403	0.11859	0.095795	-0.0049396	0.111214	0.0109593	-0.0194637	0.092911	0.0961116	0.5	0.123345	-0.0122991	-0.0017855	0.10004	0.0169842	0.113366	0.110813	0.103318	0.12028	0.00809928	0.00138734	0.0165446	0.110382	0.107929	0.0884397	0.111126	-0.00352716	0.0855317	0.131988	-0.0114181	0.0106447	0.00287828	-0.00354763	0.00722633	0.0978676	0.0962258	0.0959237	-0.00923814	0.103222	0.140689	-0.0054309	0.0206197	0.000603599	-0.0112687	0.0982518	0.102911	0.101813	0.0152062	0.00750704	0.121054	0.116361	0.10456	0.110008	0.102964	0.102998	0.106326	-0.00275509	-0.180224	-0.0119617	0.0112574	0.0153008	0.00176666	0.00929718	0.00313219	0.104819	0.0869284	0.00645591	0.11131	0.114407	0.113422	0.106347	0.11057	0.0981186	0.10564	0.0749746	0.104795	0.008132	0.0059817	-0.000516256	-0.00464271	-0.00526251	0.0113894	0.00622054	-0.0115078	0.104064	-0.172986	-0.000304132	0.0861536	-0.000857889	0.106128	0.109032	0.0978671
0.0102794	0.117676	-0.00495418	0.00281634	-0.00330031	0.00380688	0.100353	0.111232	0.0122748	0.0830552	0.0904027	0.00794439	0.110871	0.0120612	-0.0200649	0.0964816	0.0872726	0.123345	0.5	-0.0199128	-0.0130266	0.0839956	0.00540229	0.0803214	0.0870971	0.107199	0.118613	0.00604616	-0.00675044	0.0174206	0.107496	0.0878382	0.0941766	0.112628	-0.00761148	0.0939711	0.0932855	-0.0180953	0.00911218	-0.00667879	-0.00576032	0.00433202	0.105487	0.0924461	0.0850385	-0.00597992	0.112615	0.113339	-0.0140597	0.0159166	-0.00860869	-0.0120468	0.114352	0.0994582	0.0746454	0.00720219	0.00222813	0.104883	0.106202	0.111639	0.112441	0.102226	0.0856925	0.0914106	-0.0102107	-0.172974	-0.0166819	0.0127595	0.0117101	-0.00850865	-0.00500916	-0.0045466	0.100866	0.0866819	-0.00397153	0.113426	0.0967988	0.0937204	0.120744	0.0821163	0.0896157	0.110936	0.0828994	0.103826	0.00066409	0.0013139	0.00102393	-0.00477342	-0.00786847	0.00411393	0.00697401	-0.0253481	0.0973059	-0.17305	-0.00923965	0.0896487	-0.00747575	0.10708	0.114115	0.0966395
0.0746357	-0.00631407	0.0368925	0.054709	0.0428534	0.0665717	-0.00214525	-0.00787748	0.0471912	-0.0121962	-0.00956181	-0.103924	-0.0113227	0.0382576	0.052018	-0.0118152	-0.0124551	-0.0122991	-0.0199128	0.5	0.0424917	-0.0149091	0.0520203	-0.00568817	-0.0126493	-0.0114591	0.00153137	0.0543632	0.0523295	0.0534186	-0.0122564	-0.00918857	-0.00951869	-0.00259279	0.0447719	-0.0123632	-0.00680404	0.0424566	0.066977	0.0459502	0.0509809	0.0531534	-0.00940536	-0.0119687	-0.019124	0.0482586	-0.00575958	-0.0107041	0.0441744	0.0554121	0.0541799	0.0498848	-0.00562085	-0.014087	-0.00253212	0.030468	0.0547541	-0.0110501	-0.00876685	-0.00734643	-0.00728184	-0.00532874	-0.00599332	-0.00906621	0.0607143	-0.101474	0.041407	0.0529701	0.0560832	0.0548997	0.0426472	0.028739	-0.0109179	-0.00731328	0.0572953	0.00555175	-0.00637431	-0.00607453	-0.00368992	-0.00640277	-0.00804765	-0.0063006	-0.0130572	-0.0120802	0.0554404	0.0515741	0.0436237	0.0568816	0.052925	0.0840311	0.0605566	0.0478077	-0.013897	-0.0620483	0.036348	-0.00405702	0.0464749	-0.0149715	-0.0107906	-0.01588
0.0644588	-0.00028423	0.0552299	0.0655813	0.0479122	0.0428586	-0.000666497	0.00691144	0.0524382	-0.00319637	0.0087285	-0.104739	-0.00385398	0.0563628	0.0442438	-0.01121	-0.0135116	-0.0017855	-0.0130266	0.0424917	0.5	-0.0105655	0.059544	0.0022288	-0.00264774	-0.0064663	0.00289563	0.0555431	0.057051	0.0555853	0.000715305	0.000745466	-0.00351308	-0.00407458	0.0641996	-0.0105152	0.00105211	0.0511381	0.0545821	0.0629253	0.0474458	0.0627378	-0.00373024	-0.0162097	-0.0162491	0.0571257	0.00185105	0.000106743	0.064012	0.0827241	0.0651709	0.0537216	-0.00127271	-0.00487536	0.00470923	0.0443783	0.0384301	0.00810428	-0.00346191	-0.0071842	-0.00258093	-0.00414398	0.00190472	-0.00950152	0.0447472	-0.102262	0.0420606	0.0525533	0.0646359	0.0718665	0.0506084	0.0411059	-0.00201569	0.000345848	0.0782724	0.0110026	0.00349313	-0.000319309	0.00227803	0.00256435	-0.00389224	-0.00169425	-0.0165659	-0.0120095	0.0595249	0.0642596	0.057521	0.0736119	0.0585352	0.0633827	0.0554094	0.0407742	-0.00377498	-0.0840214	0.0620323	0.00568594	0.0598008	0.00640409	-0.00240963	0.00106132
-0.00137092	0.0807871	-0.0254731	0.000338588	-0.0123381	-0.00230524	0.110144	0.0879119	0.000909182	0.0875688	0.0931988	0.0081119	0.0953969	-0.0128862	-0.0231997	0.0879536	0.0822567	0.10004	0.0839956	-0.0149091	-0.0105655	0.5	-0.00386201	0.0885398	0.0938929	0.0963726	0.103514	-0.00372851	-0.00951352	0.00382794	0.0900589	0.097758	0.0766272	0.105174	-0.00717563	0.0848269	0.0969333	-0.0200728	0.0056304	-0.0151608	-0.0162703	-0.0112288	0.104577	0.105935	0.104667	-0.0156591	0.0835006	0.0940889	-0.0108936	0.00768111	-0.00659923	-0.0113559	0.106143	0.106808	0.0908019	-0.00544004	-0.0117521	0.100615	0.0874076	0.0818086	0.103074	0.087438	0.084245	0.102195	-0.00567556	-0.189857	-0.0241104	-0.00639641	-0.00247813	-0.00226665	0.000179935	-0.0184109	0.0977077	0.0879647	-0.0124805	0.0902904	0.0916721	0.0998196	0.106455	0.0799058	0.0860894	0.0920158	0.109091	0.0874047	-0.0167294	-0.00575675	-0.00596016	-0.00225033	-0.0133444	-0.00609677	-0.00025657	-0.0152724	0.10535	-0.176836	-0.000962179	0.0871025	-0.0127512	0.0910919	0.0914886	0.0995296
0.0701008	0.0194561	0.0556054	0.0731279	0.0622387	0.0563712	0.018269	0.0200155	0.072068	0.00579184	0.0112601	-0.0980496	0.0174537	0.0607738	0.0494304	0.00746358	-0.00548595	0.0169842	0.00540229	0.0520203	0.059544	-0.00386201	0.5	0.017198	0.0133526	0.0116873	0.0218942	0.0810228	0.0820441	0.0644707	0.0102728	0.00755274	-0.000315476	0.0207889	0.0677792	0.00975184	0.00998976	0.0459858	0.0679742	0.0688652	0.0577932	0.0547401	0.0160344	-0.0082154	-0.00273153	0.0506593	0.015657	0.0140777	0.0589743	0.075223	0.0706728	0.0586184	0.00401594	0.00532755	0.00847676	0.0619766	0.0704276	0.0125655	0.0128826	0.0100897	0.0132402	0.0120445	0.0111089	0.00229016	0.06148	-0.0972467	0.0560886	0.0666009	0.0691186	0.0627221	0.0609731	0.0435486	0.00676168	0.0211972	0.0712395	0.0220021	0.0167842	0.0254887	0.0169583	0.00949445	0.00653525	0.0150832	-0.0080395	0.00475196	0.068511	0.0579102	0.061675	0.0586825	0.0729639	0.0846968	0.0788765	0.0727192	0.00144292	-0.0694393	0.0584101	0.00683799	0.0508616	0.0206857	0.0128116	0.00859306
0.0202849	0.109787	0.00521038	0.00724173	0.00503958	0.00166877	0.115873	0.0899443	0.0165987	0.107124	0.0936095	-0.0122166	0.093646	0.0152767	-0.0140545	0.0930286	0.107161	0.113366	0.0803214	-0.00568817	0.0022288	0.0885398	0.017198	0.5	0.0972986	0.0981669	0.103753	0.0205678	0.00942508	0.00902817	0.0903473	0.0982284	0.0940691	0.115001	0.0018144	0.091655	0.103362	-0.00116423	0.0167629	0.00499037	-0.00220532	0.0131732	0.09493	0.0872256	0.0775198	0.000895467	0.0971433	0.115566	-0.0016716	0.0251078	0.00522219	0.0035044	0.0919095	0.103434	0.0928056	0.0194042	0.0106501	0.0998201	0.0751895	0.101405	0.117601	0.111458	0.104924	0.107625	-0.00333629	-0.170927	-0.0104046	0.0164859	0.0135996	0.010454	0.00715906	0.00322794	0.0870662	0.0999104	0.00635213	0.100448	0.0973249	0.113824	0.11271	0.115429	0.100335	0.10754	0.0665629	0.0968213	0.00588023	0.0163343	0.00672324	0.00242265	-0.0068587	0.0153642	0.0158422	-0.00955543	0.0975218	-0.164672	0.0051456	0.102905	9.28487e-06	0.110503	0.116271	0.0968295
0.00744332	0.107004	-0.00267222	0.00158472	0.00923367	-0.00478376	0.109914	0.105862	0.0151693	0.117681	0.114497	-0.0243032	0.108187	0.0156882	-0.0196351	0.0975991	0.0759156	0.110813	0.0870971	-0.0126493	-0.00264774	0.0938929	0.0133526	0.0972986	0.5	0.10949	0.0975202	0.00678031	0.000889825	0.0190519	0.101848	0.105485	0.0900642	0.0992463	0.00174925	0.108869	0.0917853	-0.0140412	0.0110155	0.00889621	0.00399959	0.00696627	0.103112	0.0807662	0.08196	-0.00714672	0.109717	0.118234	-0.00548015	0.0204546	-0.00036295	0.00166647	0.10944	0.105022	0.0934772	0.014047	0.0041602	0.102882	0.0930062	0.0934888	0.104662	0.0912069	0.100841	0.093208	-0.00422422	-0.177456	-0.0115813	0.0107943	0.0145741	3.91016e-05	0.0116268	-0.00134181	0.0786629	0.0995355	0.002986	0.0985646	0.0951756	0.0838073	0.0976864	0.104618	0.0997127	0.104441	0.0837156	0.106294	0.00161431	0.00824033	-0.000784256	0.00103956	-0.00271594	0.0094293	0.00505483	-0.00399254	0.0884762	-0.166756	0.00631318	0.0935202	-0.00147579	0.104558	0.0900802	0.108883
0.0025503	0.105285	-0.000329456	0.00721564	-0.00349073	-0.00251421	0.129263	0.0936834	0.0123345	0.100478	0.102443	-0.00324914	0.112261	0.00961125	-0.0162063	0.0953054	0.0984834	0.103318	0.107199	-0.0114591	-0.0064663	0.0963726	0.0116873	0.0981669	0.10949	0.5	0.0989933	0.00714638	-0.00826289	0.0136319	0.0904822	0.0882285	0.114697	0.111963	-0.0104932	0.0986605	0.0919207	-0.0171645	0.0138144	-0.00326779	-0.00364516	0.00421876	0.102654	0.0997744	0.0904575	-0.0148785	0.119073	0.0910209	-0.00387222	0.0108653	-0.00370655	-0.00146677	0.096877	0.11356	0.0976992	0.0114933	-0.00536126	0.0940075	0.115045	0.121171	0.085171	0.104105	0.0941506	0.0833263	-0.00980462	-0.18514	-0.016398	-0.000895439	0.0157554	-0.00433736	0.00559686	-0.00568292	0.100342	0.104722	-0.00876564	0.11535	0.0973862	0.122782	0.10577	0.101812	0.103262	0.105894	0.105774	0.118271	-0.00234343	0.00747698	-0.000902636	0.000950356	-0.00742084	0.00748407	0.0136924	-0.0174795	0.105567	-0.178598	-0.00477715	0.0927391	-0.0133279	0.107915	0.0905859	0.111065
0.0289077	0.210089	0.00877385	0.0128121	0.00881759	0.0123348	0.11594	0.118896	0.00992125	0.0928196	0.100143	0.00591603	0.107885	0.0195568	-0.00667391	0.115303	0.0911924	0.12028	0.118613	0.00153137	0.00289563	0.103514	0.0218942	0.103753	0.0975202	0.0989933	0.5	0.0261726	0.00617738	0.0239469	0.12702	0.107783	0.0820625	0.126909	0.00678389	0.103771	0.11869	-0.00771526	0.0161063	0.00246922	0.00547734	0.0134585	0.119069	0.0919266	0.0938784	-0.00198966	0.10284	0.113312	0.00451072	0.0266237	0.00489894	-0.00163746	0.0903682	0.0986671	0.110579	0.0183626	0.00611841	0.119185	0.141106	0.103962	0.11755	0.132941	0.099677	0.0917863	0.00151819	-0.169232	-0.00369275	0.0213879	0.0190928	0.0072654	0.0113167	0.00310873	0.116713	0.100546	0.0124078	0.117076	0.111398	0.104417	0.107363	0.101182	0.104784	0.112775	0.0946558	0.0954531	0.0198585	0.012411	0.014154	0.00129093	0.00475859	0.0096566	0.0145721	-0.00858073	0.113438	-0.157261	0.00793792	0.0958616	0.00698791	0.124533	0.119019	0.105859
0.0898913	0.0133553	0.0613576	0.0591643	0.0561459	0.0457466	0.0139427	0.030677	0.0676035	-0.00260775	0.00807619	-0.101298	0.00674013	0.0524571	0.0439807	0.00471576	-0.0119048	0.00809928	0.00604616	0.0543632	0.0555431	-0.00372851	0.0810228	0.0205678	0.00678031	0.00714638	0.0261726	0.5	0.0665366	0.06353	0.00614197	-0.0101082	-0.00352633	0.00482754	0.0504322	0.00365143	0.00545523	0.040885	0.0710694	0.0615165	0.077143	0.0809461	0.00582135	-0.0102826	-0.00959552	0.0430826	0.00224241	0.0139519	0.0656355	0.0823213	0.0613445	0.0540829	0.00606653	0.00468124	0.00382102	0.0745882	0.0458847	0.0109035	-0.000110677	0.00186909	0.0119552	0.00818668	0.000429635	-0.0123021	0.0589525	-0.0752703	0.0441858	0.0678712	0.0691259	0.0882235	0.0512944	0.0484184	0.00442264	0.0090645	0.0496277	0.0222111	-0.00428612	0.0145291	0.0158471	0.00865603	0.00766704	0.00655856	-0.0101027	0.000805737	0.0709801	0.0628008	0.0680104	0.0583003	0.0586588	0.0878762	0.0778238	0.0452607	-0.00855544	-0.0610427	0.0616575	0.0117788	0.0728799	0.0102288	0.00426111	0.0055004
0.0685033	-0.000565897	0.0757168	0.058272	0.0614773	0.064081	0.00431527	0.00275194	0.0832139	-0.0158419	0.00217703	-0.111094	0.00111972	0.0512093	0.0448136	-0.00478846	-0.0182066	0.00138734	-0.00675044	0.0523295	0.057051	-0.00951352	0.0820441	0.00942508	0.000889825	-0.00826289	0.00617738	0.0665366	0.5	0.0739414	-0.00185153	-0.00406322	-0.010163	0.00792738	0.0735901	-0.00150112	-0.00158941	0.0568441	0.0827576	0.0856194	0.0565767	0.0645229	-0.00151519	-0.0159383	-0.0191753	0.0624196	0.00634156	0.00438008	0.0732691	0.079879	0.0715117	0.0522698	-0.000577808	-0.00226178	0.000461309	0.0731927	0.0603858	0.0029755	0.000368925	-0.00193183	-0.0026858	-0.00151269	-0.000856437	-0.0125363	0.0687854	-0.0833599	0.04318	0.064071	0.05383	0.0679681	0.0644552	0.0525529	-0.00433026	0.00122108	0.0668899	0.00670147	0.000332323	0.00647882	0.00773722	0.000597298	-0.00414069	-0.000932555	-0.0163381	-0.00945456	0.0756765	0.0634221	0.0612039	0.06106	0.0766593	0.075173	0.0667086	0.0576204	-0.0079032	-0.0629387	0.0781417	-0.000604795	0.0671403	0.00382076	-0.00250555	0.00478605
0.0588511	0.018373	0.058989	0.0654765	0.0623679	0.0443195	0.0200871	0.0307038	0.0811394	0.000628058	0.01691	-0.0971138	0.0219941	0.0614558	0.0427952	0.00415351	-0.00744866	0.0165446	0.0174206	0.0534186	0.0555853	0.00382794	0.0644707	0.00902817	0.0190519	0.0136319	0.0239469	0.06353	0.0739414	0.5	0.0210758	0.00370487	0.0043852	0.0192993	0.067385	0.0123963	0.0129589	0.0543748	0.0678371	0.0618748	0.0654949	0.0720168	0.0134967	0.000842838	-0.0114197	0.0517128	0.00964545	0.016139	0.0691759	0.0822194	0.0586628	0.0537822	0.0217661	0.00973028	0.00896574	0.0706905	0.0462637	0.0169502	0.0159354	0.0146929	0.0201568	0.0128084	0.0139876	0.000289268	0.073995	-0.103988	0.0327854	0.0693892	0.0689858	0.056216	0.0577168	0.0507789	0.00779275	0.0141675	0.0605577	0.0299531	0.00694538	0.0236816	0.0248303	0.0172961	0.0192113	0.0136496	-0.000393656	0.00732688	0.0739906	0.0674362	0.0551313	0.0341519	0.0593857	0.0781741	0.0760677	0.0498958	0.00731364	-0.0982049	0.0544483	0.0157502	0.0498111	0.0184669	0.0141837	0.0100502
0.00560458	0.112906	-0.0116355	-0.00351036	-0.00486321	-0.0023648	0.105792	0.118775	0.00995619	0.0794573	0.114402	-0.0250241	0.0910557	0.0117411	-0.0193555	0.121154	0.100256	0.110382	0.107496	-0.0122564	0.000715305	0.0900589	0.0102728	0.0903473	0.101848	0.0904822	0.12702	0.00614197	-0.00185153	0.0210758	0.5	0.0823503	0.0827327	0.109792	-0.000249678	0.100585	0.103199	-0.0250777	0.00520845	-0.00630719	0.00125074	0.00748206	0.102671	0.0862268	0.0738649	-0.0148735	0.101601	0.0999048	-0.0111334	0.0100471	0.00246798	-0.00291405	0.0964501	0.0956127	0.0813245	0.00508703	0.000249478	0.109748	0.115179	0.107766	0.104778	0.113678	0.0926821	0.0876067	-0.00652439	-0.172923	-0.0162711	0.00889678	0.0137173	0.000824803	0.00344315	-0.0119071	0.100959	0.105965	0.00475382	0.109863	0.102309	0.0857799	0.108695	0.100328	0.11615	0.106456	0.069501	0.0902485	-0.00594667	-0.00196848	-0.00149937	-0.00565149	-0.0116072	0.00497041	0.0051696	-0.0205668	0.0755398	-0.175052	0.00147915	0.104983	-0.0030574	0.113798	0.117772	0.101464
0.00195906	0.0974655	-0.00859397	0.00420925	-0.0120529	0.00389083	0.0899831	0.087436	0.00567419	0.102915	0.0907544	-0.0175395	0.092371	0.00178468	-0.0160906	0.119526	0.0969964	0.107929	0.0878382	-0.00918857	0.000745466	0.097758	0.00755274	0.0982284	0.105485	0.0882285	0.107783	-0.0101082	-0.00406322	0.00370487	0.0823503	0.5	0.0874827	0.0986119	-0.0109188	0.0783209	0.104021	-0.0137762	0.00808	-0.0124438	-0.00686271	0.00130158	0.0982381	0.0846578	0.0864215	-0.0102425	0.0950473	0.0979228	-0.0156858	0.00914092	-0.0019276	-0.0082723	0.0966447	0.0951245	0.0944936	-0.00248918	-0.000404951	0.0980751	0.0828133	0.090023	0.116892	0.0956008	0.0800371	0.0920742	-0.0105795	-0.179266	-0.016502	-0.00245814	0.00469125	0.000745214	0.00509284	-0.00784068	0.0870975	0.0936212	-0.000843297	0.0941862	0.107174	0.0802682	0.0852755	0.103963	0.0857813	0.111214	0.0881273	0.0814528	-0.00850211	0.00292248	-0.00774504	0.00462419	-0.00152618	-0.00595262	-0.00377006	-0.0105098	0.111799	-0.165963	-0.000125338	0.0871297	-0.00546465	0.10916	0.10921	0.0968558
-0.0116887	0.0937971	-0.0165264	-0.000552757	-0.0140266	-0.00438201	0.0960516	0.0791952	0.00314261	0.104754	0.0830565	-0.0221868	0.0768153	-0.0140684	-0.0130153	0.091701	0.0791585	0.0884397	0.0941766	-0.00951869	-0.00351308	0.0766272	-0.000315476	0.0940691	0.0900642	0.114697	0.0820625	-0.00352633	-0.010163	0.0043852	0.0827327	0.0874827	0.5	0.0963806	-0.00968907	0.0919707	0.0850715	-0.0151199	0.00651854	-0.0183445	-0.0186386	-0.00551635	0.0762451	0.0963425	0.0857363	-0.0166936	0.0876104	0.102499	-0.0196731	0.00394429	-0.00842733	-0.00769896	0.0858993	0.104908	0.0929132	-0.00515651	-0.0117396	0.069906	0.0907341	0.0808932	0.0797679	0.0965679	0.0944918	0.0794623	-0.00729626	-0.183351	-0.0153464	-0.0038186	-0.0022187	-0.00777968	-0.00859266	-0.0194943	0.064055	0.101948	-0.0192854	0.0941825	0.0874664	0.0929028	0.0955075	0.0961016	0.0889499	0.0891015	0.087368	0.0957851	-0.0189915	-0.00126291	-0.00411586	0.0055064	-0.00535372	-0.00283574	0.00123086	-0.0195875	0.0757101	-0.178547	-0.00622499	0.0871266	-0.0138434	0.0928934	0.0868909	0.0914291
0.016457	0.119971	0.00231127	0.00794967	0.00798716	0.00456213	0.11384	0.094409	0.016097	0.089382	0.100537	-0.0104966	0.108746	0.0146624	-0.0145607	0.106711	0.100817	0.111126	0.112628	-0.00259279	-0.00407458	0.105174	0.0207889	0.115001	0.0992463	0.111963	0.126909	0.00482754	0.00792738	0.0192993	0.109792	0.0986119	0.0963806	0.5	0.0079159	0.0934599	0.107705	-0.0155464	0.0182773	0.00758466	0.006344	0.0135824	0.111295	0.0770262	0.102483	0.000483283	0.0980371	0.118418	-0.00451922	0.0152744	0.00589468	-0.00352882	0.105119	0.0975536	0.0991586	0.00342319	0.00578767	0.116159	0.121021	0.0992008	0.118975	0.10549	0.0924082	0.106564	0.00145699	-0.173188	-0.0100561	0.0163439	0.0199449	0.00838909	0.0156635	-0.00444762	0.0960573	0.113397	0.00410447	0.127046	0.104533	0.115223	0.111649	0.0966199	0.105276	0.12237	0.0997606	0.11007	0.00375412	0.0109593	0.00860291	-0.00309271	-0.00139901	0.00987759	0.010515	-0.0142239	0.111002	-0.161482	0.00695394	0.0972957	0.000320705	0.115191	0.105792	0.0869062
0.0745445	0.0039557	0.0752052	0.0515862	0.056233	0.0412966	-0.00139627	0.00603535	0.0588242	-0.0148846	0.00386869	-0.113448	-0.000360147	0.0421307	0.0564829	-0.00211614	-0.0202106	-0.00352716	-0.00761148	0.0447719	0.0641996	-0.00717563	0.0677792	0.0018144	0.00174925	-0.0104932	0.00678389	0.0504322	0.0735901	0.067385	-0.000249678	-0.0109188	-0.00968907	0.0079159	0.5	-0.000865918	0.00565155	0.030187	0.0510933	0.070122	0.0637702	0.0470877	-0.00209931	-0.0187604	-0.0200898	0.0614733	0.00226327	-0.00379175	0.0559447	0.0736925	0.0673174	0.0565983	-0.00373335	-0.00481198	-0.00532456	0.0693038	0.0560409	-0.00488052	-0.00390242	-0.0104514	-0.00604552	-0.00046395	0.00376389	-0.0113056	0.061058	-0.105354	0.0515483	0.0630172	0.0658346	0.0611128	0.0612859	0.0523825	-0.00360627	0.00381441	0.064991	0.00584666	-0.00202861	0.00320133	0.0059727	0.00292791	-0.00197243	0.00129413	-0.0171561	-0.00779918	0.0653722	0.0634872	0.0613902	0.0563659	0.0782008	0.0774545	0.0829213	0.0441503	-0.0153332	-0.069305	0.0680076	-0.00239306	0.0593688	0.00547518	0.000589081	-0.00658128
0.00608605	0.112013	-0.000906906	-0.00288612	0.00152453	0.00257968	0.10993	0.0997995	0.0142751	0.0980099	0.0913063	-0.00256646	0.103705	0.00710082	-0.0218525	0.0955795	0.0730133	0.0855317	0.0939711	-0.0123632	-0.0105152	0.0848269	0.00975184	0.091655	0.108869	0.0986605	0.103771	0.00365143	-0.00150112	0.0123963	0.100585	0.0783209	0.0919707	0.0934599	-0.000865918	0.5	0.0895654	-0.0158505	0.0094133	0.0028602	-0.00404007	0.00379649	0.102942	0.0880843	0.0900091	-0.00151791	0.111258	0.103325	-0.00919362	0.0180587	-0.00471894	-0.00501074	0.116591	0.100162	0.0849594	0.0121017	-0.000559524	0.0963078	0.0916646	0.120687	0.10074	0.104011	0.100348	0.0846045	-0.0184147	-0.185879	-0.0171579	0.0115079	0.0127924	-0.00320967	-0.00149672	-0.0045737	0.0995315	0.0987996	-0.000518813	0.099725	0.0930107	0.105413	0.125718	0.102739	0.112437	0.110042	0.091071	0.106476	-0.00487851	0.00351346	0.000389962	-2.8071e-05	-0.00568174	0.00998746	0.0118796	-0.0149144	0.0807133	-0.179799	-0.00060367	0.105213	-0.00740431	0.0980883	0.111732	0.0978943
0.0106345	0.107634	0.00240422	0.00911126	-0.00131119	-0.00668041	0.104853	0.108327	0.016351	0.084258	0.0974314	0.0101086	0.105446	0.0108347	-0.0199703	0.0940734	0.0960801	0.131988	0.0932855	-0.00680404	0.00105211	0.0969333	0.00998976	0.103362	0.0917853	0.0919207	0.11869	0.00545523	-0.00158941	0.0129589	0.103199	0.104021	0.0850715	0.107705	0.00565155	0.0895654	0.5	-0.0112999	0.00673355	0.00258246	-0.00546442	0.0050665	0.104192	0.0816588	0.0854313	-0.00705532	0.104552	0.0951384	-0.0109085	0.0116475	0.00141647	-0.00505481	0.101613	0.0951016	0.106103	0.00691239	0.00130779	0.105515	0.109549	0.0895702	0.10487	0.113945	0.112547	0.0809115	-0.00935062	-0.188162	-0.0167063	0.00999089	0.0118196	0.00893435	0.00971476	-0.00103239	0.104633	0.0894748	-0.00377377	0.110034	0.0968597	0.110293	0.111766	0.0922133	0.108219	0.111281	0.0883231	0.101628	-0.00106687	0.00616199	0.00238384	0.00250525	-0.000762348	0.00257176	0.00764313	-0.00793533	0.0937443	-0.178603	-0.00430588	0.103489	-0.00544612	0.106306	0.102102	0.104505
0.0509175	-0.0116323	0.0509921	0.0524052	0.0509726	0.0333845	-0.00725537	-0.0106282	0.0361447	-0.0166742	-0.00744219	-0.108479	-0.00831919	0.037308	0.0285931	-0.0239004	-0.0211292	-0.0114181	-0.0180953	0.0424566	0.0511381	-0.0200728	0.0459858	-0.00116423	-0.0140412	-0.0171645	-0.00771526	0.040885	0.0568441	0.0543748	-0.0250777	-0.0137762	-0.0151199	-0.0155464	0.030187	-0.0158505	-0.0112999	0.5	0.0501362	0.052212	0.0417692	0.0551661	-0.00680519	-0.0118421	-0.020312	0.0384541	-0.0125425	-0.012551	0.0514734	0.0640239	0.0470552	0.0464196	-0.00758925	-0.0145604	-0.00399837	0.0521583	0.0377214	-0.0126349	-0.0132767	-0.01866	-0.0154082	-0.0116717	-0.015299	-0.0103922	0.0384195	-0.0898813	0.0195414	0.0435363	0.0486285	0.0446584	0.0352159	0.0211128	-0.0105006	-0.0162528	0.0561037	-0.0061815	-0.0115759	-0.0103113	-0.0131026	-0.0125556	-0.0163346	-0.0123944	-0.017086	-0.0118986	0.0478195	0.0437478	0.0393993	0.0496275	0.0694468	0.0452608	0.0598683	0.0486065	-0.0102527	-0.0712779	0.0440478	-0.0185448	0.0246491	-6.80296e-05	-0.0173104	-0.0107125
