0.5	0.00322944	0.0356827	0.0280902	0.0493754	0.0290439	0.0161261	0.0112627	0.0579352	-0.0163246	-0.0117814	-0.0846264	-0.00379947	0.0384343	0.0115561	0.002649	-0.0299132	-0.0135612	-0.00544727	0.0451655	0.056804	-0.0397954	0.0516293	0.0159717	-0.00381973	-0.0132678	0.0200901	0.0852056	0.0469883	0.0459454	0.00506807	-0.017972	-0.0305299	0.00291116	0.0654132	0.00156445	-0.00030058	0.0175068	0.0778935	0.0479715	0.0674083	0.0701119	0.00452472	-0.0235667	-0.0430715	0.034036	-0.00709019	0.00454065	0.0559057	0.0612604	0.0505172	0.027273	-0.000682023	-0.0218775	-0.0373387	0.0799532	0.0277282	-0.00104508	-0.0154914	-0.00147678	0.00671508	0.00363097	-0.0131547	-0.0230022	0.0224803	-0.0739695	0.00211619	0.0637762	0.0678062	0.0565717	0.0477472	0.0463377	-0.0175848	-0.00590077	0.0644052	0.00825608	-0.0321926	0.00543674	0.00439772	0.00509086	0.00117558	-0.000319421	-0.0343275	-0.022078	0.0714634	0.0516928	0.058006	0.050561	0.044331	0.0768143	0.0711946	0.00464439	-0.030432	-0.0717443	0.0630636	-0.00414014	0.0671041	0.00265131	0.0134351	0.00724684
0.00322944	0.5	-0.0282862	-0.0304543	-0.0109378	-0.0224054	0.107243	0.116518	0.00918561	0.0977053	0.0851879	0.00243844	0.0892161	-0.0125829	-0.0463969	0.0965676	0.0889563	0.0998035	0.106753	-0.0323632	-0.00869318	0.0557491	-0.00331323	0.100617	0.0951171	0.0906178	0.194366	0.00618121	-0.0221253	0.00587116	0.109396	0.0777515	0.07788	0.106092	-0.011103	0.100603	0.0983668	-0.0458017	-0.0134447	-0.0101771	-0.0096734	0.00615386	0.0914444	0.059141	0.0670878	-0.0200878	0.0868516	0.103598	-0.0133331	0.00296045	-0.0211381	-0.0385348	0.0947454	0.0788031	0.071869	-0.000538742	-0.0257833	0.0897776	0.112744	0.090102	0.10136	0.111408	0.0767577	0.0835933	-0.0321084	-0.189977	-0.0471697	0.00355889	-0.000302464	-0.0101555	-0.0024477	-0.00686071	0.0857849	0.0856782	-0.00129947	0.105026	0.0688755	0.0934518	0.0928222	0.108446	0.0858529	0.0937279	0.063646	0.079522	-0.00250172	-0.00970198	0.00372361	-0.0251575	-0.0214334	0.00249668	0.00968835	-0.0569129	0.0707813	-0.211604	-0.012184	0.0803543	-0.0111926	0.0980868	0.118087	0.0950087
0.0356827	-0.0282862	0.5	0.0185192	0.0201149	0.0160953	-0.0258462	-0.0256292	0.0444026	-0.0461755	-0.0357379	-0.117413	-0.0298076	0.0387005	-0.00583909	-0.0313211	-0.0568055	-0.0323933	-0.0402115	-0.00410572	0.0360541	-0.0763653	0.0250244	-0.0259444	-0.029479	-0.038	-0.0219671	0.0330741	0.0517035	0.0385513	-0.0355515	-0.0458164	-0.0488613	-0.0289803	0.0566549	-0.0305469	-0.0285255	0.00778478	0.0383962	0.0352073	0.0439669	0.0375702	-0.0237948	-0.062996	-0.0742455	0.0444235	-0.020953	-0.0288969	0.0275291	0.055473	0.0351816	0.0131934	-0.0304688	-0.0476089	-0.0535355	0.0607752	0.0223923	-0.0221217	-0.0265404	-0.0404183	-0.0274478	-0.0302397	-0.0411433	-0.041826	0.0231426	-0.112824	0.00853768	0.0320672	0.0514594	0.0339918	0.0572975	0.051051	-0.044467	-0.0274086	0.0368176	-0.0228358	-0.0499619	-0.0212591	-0.0197479	-0.0314222	-0.0246	-0.0407566	-0.0569091	-0.0472265	0.0519188	0.0525576	0.0335698	0.0216842	0.0515241	0.0417703	0.0583485	0.00283477	-0.0460438	-0.113793	0.0516335	-0.0430452	0.0421645	-0.022748	-0.0361958	-0.0301102
0.0280902	-0.0304543	0.0185192	0.5	0.00404742	0.0199138	-0.0313316	-0.0264901	0.0263647	-0.0339818	-0.0345887	-0.0900902	-0.0336055	0.0103321	0.00878739	-0.0405029	-0.0481979	-0.0354847	-0.0449944	0.0259413	0.0299185	-0.0482987	0.0354128	-0.0321404	-0.0364878	-0.0383317	-0.0254901	0.0205876	0.0256193	0.0274202	-0.0410172	-0.0308368	-0.0358562	-0.0306729	0.0160147	-0.0430641	-0.031793	0.0190687	0.0222395	0.0123828	0.00938794	0.0264736	-0.0352989	-0.0396796	-0.0421387	0.0114614	-0.0290668	-0.0295694	0.0233081	0.0210719	0.0176831	0.0254497	-0.0302815	-0.0312626	-0.0269557	0.00762163	0.00294919	-0.0382472	-0.0281293	-0.0517984	-0.0351917	-0.030511	-0.0376902	-0.0354035	0.0229213	-0.102603	0.000274115	0.0242798	0.0355095	0.0388953	0.0158765	0.0244404	-0.0369996	-0.0310255	0.0449386	-0.025634	-0.0285132	-0.0239914	-0.0279739	-0.0334484	-0.0404222	-0.0400707	-0.0442296	-0.0441032	0.014972	0.0189871	0.0228738	0.0227981	0.0351731	0.0213081	0.0315092	0.023685	-0.0451798	-0.12115	0.0290434	-0.0428067	0.025436	-0.0373454	-0.0380535	-0.0347322
0.0493754	-0.0109378	0.0201149	0.00404742	0.5	0.0118447	-0.0133147	0.00290303	0.0303388	-0.0279544	-0.0271631	-0.112665	-0.0200977	0.0299726	-0.00823984	-0.0230583	-0.0426818	-0.0217492	-0.0206296	0.0122537	0.0349971	-0.0573098	0.0412754	-0.00803169	-0.0077581	-0.0246673	-0.00585006	0.0472768	0.0336887	0.0437822	-0.0169805	-0.0399829	-0.0440487	-0.012915	0.0383714	-0.0140045	-0.0190013	0.011022	0.0220926	0.0492362	0.0371788	0.053043	-0.0151825	-0.0405065	-0.0629627	0.0241313	-0.0171444	-0.0115238	0.0337007	0.0570631	0.0307519	-0.0190176	-0.0141947	-0.0365366	-0.0491928	0.0575058	0.00993846	-0.0121179	-0.0216664	-0.0129015	-0.00464071	-0.0221892	-0.0262519	-0.034111	0.026347	-0.118333	-0.0257591	0.0500074	0.0279501	0.0421596	0.0419714	0.0617357	-0.0313614	-0.0151226	0.046681	-0.00703168	-0.0369939	-0.0165402	-0.0106719	-0.0119175	-0.0110369	-0.0133216	-0.0519151	-0.0416848	0.0649007	0.0286247	0.0368155	0.0166845	0.0294857	0.0389672	0.0544872	-0.00530458	-0.0493125	-0.12003	0.028499	-0.0220056	0.0308098	-0.00953394	-0.0100628	-0.00757034
0.0290439	-0.0224054	0.0160953	0.0199138	0.0118447	0.5	-0.0226353	-0.0257989	0.0236827	-0.0287006	-0.026678	-0.0908516	-0.0302985	0.014129	0.00329935	-0.0417262	-0.0354789	-0.0316402	-0.0323749	0.0377012	0.0161447	-0.0424956	0.0288699	-0.0281021	-0.0320235	-0.0405421	-0.018492	0.0163263	0.0381575	0.0193464	-0.0300488	-0.0268459	-0.0323694	-0.0268481	0.0187083	-0.0284596	-0.0365986	0.00546343	0.0316971	0.0247462	0.0311767	0.039562	-0.0272987	-0.03488	-0.0443482	0.0358239	-0.0232123	-0.0187637	0.0275442	0.0350191	0.021943	0.0271899	-0.0224348	-0.0313016	-0.0294254	0.0116946	0.0258666	-0.0242261	-0.0291672	-0.0431806	-0.0372573	-0.0322579	-0.0288679	-0.0278653	0.0283196	-0.10543	0.0233609	0.0373366	0.0329665	0.0352244	0.0435166	0.0200322	-0.0318748	-0.0256067	0.0331925	-0.0179481	-0.0332123	-0.0188224	-0.0143234	-0.0227199	-0.0277035	-0.0376164	-0.0422529	-0.0353965	0.0164895	0.0283572	0.0198685	0.0267424	0.0375966	0.0355255	0.0226808	0.0154091	-0.0274489	-0.11541	0.0215634	-0.0424639	0.0298255	-0.027883	-0.0243574	-0.0306709
0.0161261	0.107243	-0.0258462	-0.0313316	-0.0133147	-0.0226353	0.5	0.104365	0.00968382	0.0839816	0.0920346	0.0304635	0.0982689	-0.00873359	-0.0438176	0.103564	0.0694242	0.106101	0.0967463	-0.0280549	-0.00739136	0.0810748	-0.0022569	0.110464	0.101245	0.120005	0.110778	0.00978528	-0.0190837	0.00821997	0.103992	0.0707642	0.078504	0.0990157	-0.0147183	0.108737	0.0948383	-0.0425395	-0.00740898	-0.00887701	-0.0116557	0.00582395	0.0990368	0.0820585	0.0752585	-0.0225484	0.102501	0.108899	-0.0119254	0.00843879	-0.0117812	-0.0374527	0.0989828	0.102616	0.0536135	0.0142908	-0.0211041	0.101325	0.102479	0.0994655	0.104446	0.0863684	0.0854087	0.0855906	-0.0304646	-0.184845	-0.0473825	0.000516089	0.00196327	-0.00511747	0.00832217	-0.00593422	0.0745537	0.0966074	0.000251549	0.111837	0.0621606	0.105028	0.108042	0.100542	0.0869143	0.113167	0.0594804	0.0829389	0.0069321	-0.00722849	0.00181345	-0.0277869	-0.0197809	0.00411587	0.00585465	-0.0413261	0.0865305	-0.209216	0.0061303	0.0901587	-0.00175546	0.100615	0.108879	0.101454
0.0112627	0.116518	-0.0256292	-0.0264901	0.00290303	-0.0257989	0.104365	0.5	0.0084191	0.0772502	0.0829168	-0.00470442	0.0908563	-0.00701841	-0.0456454	0.0898195	0.0620729	0.0929201	0.103008	-0.0334912	-0.000742827	0.0522175	0.000789826	0.0873446	0.091654	0.0779452	0.108538	0.023747	-0.0201835	0.0181764	0.110963	0.0667488	0.0587502	0.0776858	-0.00854698	0.0943291	0.0989368	-0.0427573	-0.0157829	-0.009309	-0.00748988	0.0168512	0.0838533	0.0631217	0.0537134	-0.0149239	0.0942691	0.0986299	-0.00438848	0.00543667	-0.0192013	-0.0386557	0.098086	0.0812066	0.07246	0.0136938	-0.0230035	0.106415	0.0998415	0.0962973	0.0988901	0.0936207	0.0824294	0.0718076	-0.0282008	-0.180237	-0.0450711	0.0044492	-0.00092286	0.00152605	-0.00134634	0.00338168	0.10888	0.109367	0.00668497	0.101575	0.0767735	0.0969397	0.0872236	0.0905619	0.0982781	0.0955231	0.0608835	0.0580237	0.0051006	-0.00658541	-0.000930941	-0.019399	-0.0167124	0.00632846	-0.00264442	-0.0459851	0.0662236	-0.20858	-0.000423941	0.101341	-0.00732691	0.100684	0.107598	0.0976733
0.0579352	0.00918561	0.0444026	0.0263647	0.0303388	0.0236827	0.00968382	0.0084191	0.5	-0.00795997	-0.0107164	-0.0869379	0.00135077	0.0293178	0.00605354	-0.00765024	-0.0284877	-0.000914948	-0.00545209	0.0232892	0.0478135	-0.0376228	0.0547345	0.00527923	0.00573302	-0.00698457	-0.000652001	0.0583019	0.0677385	0.0686433	0.00318418	-0.0172453	-0.016583	0.00112758	0.0497885	0.0053682	0.00415902	0.00784943	0.0422293	0.0494551	0.0354224	0.0686424	0.00428204	-0.0253213	-0.0362169	0.0487106	0.00715639	0.000489932	0.0631595	0.0751471	0.0424636	0.0237565	0.00333644	-0.0164646	-0.0290518	0.0745213	0.0374196	0.00493472	-0.00722529	-0.00754729	-0.00204012	0.00150783	-0.0118942	-0.0206701	0.0469322	-0.113403	0.00735834	0.0694364	0.0529464	0.0372838	0.069277	0.0533155	-0.0200845	-0.000491878	0.0460415	0.0134726	-0.0286968	0.00538545	0.0171868	0.00165663	-0.000644479	-0.00458536	-0.0316432	-0.0195483	0.0608456	0.0606528	0.0453748	0.0352922	0.0319173	0.0815197	0.0866493	0.00347602	-0.0253271	-0.11699	0.0587814	-0.00373474	0.0490279	0.00108479	8.93548e-05	-0.000267153
-0.0163246	0.0977053	-0.0461755	-0.0339818	-0.0279544	-0.0287006	0.0839816	0.0772502	-0.00795997	0.5	0.105837	-0.0254551	0.082302	-0.01357	-0.0570144	0.0870989	0.0604019	0.101321	0.0641981	-0.0396454	-0.014969	0.0573116	-0.0047418	0.0943553	0.105718	0.0835658	0.0823318	-0.0130695	-0.0330008	-0.0105756	0.0674262	0.0848542	0.084997	0.0786678	-0.0277086	0.0851809	0.0724482	-0.0505028	-0.0187444	-0.0317561	-0.0354983	-0.0165177	0.0693224	0.0711837	0.0687648	-0.031342	0.0858959	0.0920577	-0.027957	-0.0134149	-0.0271854	-0.0410085	0.0780746	0.0890753	0.0797283	-0.0171977	-0.0287697	0.0673809	0.0936809	0.0813122	0.070741	0.0879933	0.0743376	0.0766245	-0.0315527	-0.193574	-0.0492871	-0.0137189	-0.00949471	-0.0113238	-0.0178132	-0.0232163	0.066572	0.0806498	-0.0227122	0.081132	0.0940664	0.0692393	0.0738815	0.0871273	0.0939753	0.0718091	0.0641016	0.0803347	-0.0278619	-0.0131489	-0.0134399	-0.0328683	-0.0286423	-0.0148071	-0.0160391	-0.050218	0.0808721	-0.21739	-0.0129818	0.0595042	-0.0235844	0.0879831	0.0861488	0.0668183
-0.0117814	0.0851879	-0.0357379	-0.0345887	-0.0271631	-0.026678	0.0920346	0.0829168	-0.0107164	0.105837	0.5	-0.0071426	0.0699323	-0.0205129	-0.0455949	0.0765283	0.0677634	0.0801983	0.0737017	-0.0358807	-0.00477722	0.0603049	-0.00739768	0.0752799	0.0967149	0.079815	0.0862498	-0.00727774	-0.0185361	0.00150287	0.102045	0.0734275	0.0643248	0.0837218	-0.0118692	0.0711494	0.0783851	-0.0434686	-0.00877603	-0.0304295	-0.015885	-0.014181	0.0890864	0.0744646	0.0741988	-0.0187844	0.108619	0.0784215	-0.0144703	-0.00400587	-0.0175007	-0.0326358	0.0840039	0.0739331	0.0706786	-0.0132606	-0.0254456	0.0833724	0.102996	0.0666033	0.0633228	0.0684377	0.0636658	0.103659	-0.0325796	-0.188968	-0.0533545	-0.00744294	-0.00696442	-0.00416463	-0.00974518	-0.0207223	0.0693565	0.0749042	-0.0155412	0.0971907	0.0613203	0.0672394	0.0893298	0.100618	0.0921648	0.0978383	0.0614911	0.0720621	-0.0156892	-0.00864911	-0.00794389	-0.017836	-0.0201243	-0.00530807	-0.0125753	-0.0552307	0.0637907	-0.211948	-0.00909471	0.0695199	-0.0189502	0.0997869	0.0988965	0.0750989
-0.0846264	0.00243844	-0.117413	-0.0900902	-0.112665	-0.0908516	0.0304635	-0.00470442	-0.0869379	-0.0254551	-0.0071426	0.5	0.00897098	-0.100365	-0.0863167	-0.00745808	0.00167478	0.00225463	0.00870875	-0.0957872	-0.0934352	0.00673317	-0.087937	-0.00590798	-0.0136456	-0.00500224	0.012586	-0.093092	-0.103502	-0.0865352	-0.0183205	-0.0104227	-0.0130821	-0.00127063	-0.103551	0.00614	0.0139969	-0.101479	-0.0884306	-0.110945	-0.0989191	-0.0948901	0.0107861	-0.00675731	-0.00130315	-0.098545	0.0117941	-0.0136542	-0.0959461	-0.0798948	-0.0958528	-0.0906064	0.00901647	-0.00723007	-0.00703892	-0.0926505	-0.104638	0.00762286	0.00374747	0.00297298	-0.00923928	-0.0121168	0.00296939	0.00345128	-0.103314	-0.217515	-0.0970922	-0.0933654	-0.0950207	-0.0941719	-0.0868677	-0.103211	-0.00174859	-0.0191616	-0.102711	0.00145171	0.000157272	0.0230649	0.0236678	-0.00598452	-0.0246343	-0.0142433	-0.00123061	-0.00416152	-0.102068	-0.089523	-0.091684	-0.0884425	-0.102159	-0.0947782	-0.0968769	-0.102727	-0.0164553	-0.233777	-0.0815396	-0.00974164	-0.0865686	0.00851026	0.00901382	-0.0171128
-0.00379947	0.0892161	-0.0298076	-0.0336055	-0.0200977	-0.0302985	0.0982689	0.0908563	0.00135077	0.082302	0.0699323	0.00897098	0.5	-0.0134374	-0.0548264	0.0750733	0.0754545	0.0903449	0.0859866	-0.0416048	-0.0138569	0.0608033	-0.00257415	0.0735936	0.0905656	0.0864719	0.0862822	-0.0141074	-0.0239461	0.00502551	0.0741342	0.0734669	0.0547477	0.0910977	-0.0160235	0.0837958	0.0847054	-0.0446712	-0.0171585	-0.0314866	-0.0114762	-0.0110754	0.0797987	0.054899	0.0859662	-0.0148236	0.0976346	0.0910943	-0.0198231	-0.00109434	-0.0294219	-0.03579	0.102515	0.0816642	0.0563703	-0.00514441	-0.0289461	0.0911916	0.0838953	0.0947997	0.0833788	0.0777549	0.0821049	0.0715586	-0.0355212	-0.190346	-0.0593731	-0.00790321	-0.00956169	-0.0161266	-0.0124235	-0.0156599	0.0847289	0.0968691	-0.0110406	0.0816759	0.0644663	0.0999232	0.0846417	0.0943955	0.0851285	0.0972584	0.0573175	0.0830703	-0.0124741	-0.0125358	-0.00892533	-0.0291006	-0.0180075	-0.0142762	-0.0133354	-0.0449135	0.0847866	-0.212157	-0.000976018	0.0746599	-0.018619	0.0988592	0.089518	0.0937745
0.0384343	-0.0125829	0.0387005	0.0103321	0.0299726	0.014129	-0.00873359	-0.00701841	0.0293178	-0.01357	-0.0205129	-0.100365	-0.0134374	0.5	-0.0181898	-0.0127801	-0.0441576	-0.0182269	-0.0181486	0.0024718	0.0389074	-0.0627829	0.0324919	-0.00902128	-0.00494594	-0.0222425	-0.00535621	0.0320701	0.0298792	0.0415256	-0.00953138	-0.0301676	-0.0420506	-0.0116005	0.0264617	-0.017031	-0.0138662	-0.00151429	0.0382449	0.0230425	0.0369036	0.044493	-0.0095884	-0.0398655	-0.0518902	0.0222708	-0.0131069	-0.0150703	0.0458644	0.0416373	0.019156	0.0186283	-0.0140836	-0.0305272	-0.0499277	0.0314457	0.0258199	-0.00662532	-0.0187238	-0.0184904	-0.0115479	-0.0124308	-0.0211491	-0.0292633	0.00977674	-0.121495	-0.00940461	0.0284501	0.0494684	0.036225	0.0315442	0.031658	-0.028265	-0.0113406	0.039438	-0.00290667	-0.0359697	-0.0128839	-0.00881473	-0.0152557	-0.00401244	-0.021031	-0.0394926	-0.0281519	0.0353542	0.0313076	0.0299534	0.0151636	0.031177	0.0482132	0.0364267	-0.00559279	-0.0308865	-0.135107	0.0349307	-0.0184962	0.0310754	-0.0100988	-0.00850392	-0.0177
0.0115561	-0.0463969	-0.00583909	0.00878739	-0.00823984	0.00329935	-0.0438176	-0.0456454	0.00605354	-0.0570144	-0.0455949	-0.0863167	-0.0548264	-0.0181898	0.5	-0.0582195	-0.0604527	-0.0569092	-0.0624402	0.017215	0.0157968	-0.0706935	0.0198455	-0.0484895	-0.051351	-0.0607331	-0.0427553	0.0097923	0.0102605	0.00849566	-0.0512842	-0.0490701	-0.0490268	-0.0504231	0.0221593	-0.0571452	-0.0538325	-0.00664974	0.00306016	0.0123752	0.00445409	0.00297626	-0.0524554	-0.0506905	-0.0579158	0.00145864	-0.0510455	-0.0563413	-0.0155458	0.0132179	0.0260583	-0.0026641	-0.0484287	-0.0516876	-0.0480552	0.0166092	0.0127339	-0.0477523	-0.0523839	-0.0696553	-0.0447157	-0.0497854	-0.0461659	-0.0484755	0.00527351	-0.116411	-0.0009484	0.0212679	0.0060025	0.0137872	-0.00432411	-0.0212355	-0.0509709	-0.0471473	0.00809621	-0.0426607	-0.0528229	-0.0410301	-0.0482826	-0.0491654	-0.0507341	-0.0553711	-0.0572243	-0.0459258	0.00854936	0.00515917	0.00353489	0.0051547	0.0123402	0.0274592	0.0279519	0.00167698	-0.0571436	-0.1376	0.0154121	-0.0589858	0.00696546	-0.0444886	-0.0493744	-0.0539329
0.002649	0.0965676	-0.0313211	-0.0405029	-0.0230583	-0.0417262	0.103564	0.0898195	-0.00765024	0.0870989	0.0765283	-0.00745808	0.0750733	-0.0127801	-0.0582195	0.5	0.0602697	0.0802049	0.0851856	-0.0399305	-0.0186478	0.0545119	-0.0105859	0.0899528	0.0905852	0.0847672	0.110145	0.00100453	-0.0289023	-0.00415303	0.117337	0.0943121	0.0709288	0.0966172	-0.0137615	0.0917724	0.0898366	-0.057533	-0.0161224	-0.022118	-0.0204877	-0.00536958	0.0998524	0.0634176	0.0541759	-0.0225778	0.100471	0.0963145	-0.0248701	-0.00135047	-0.0312714	-0.0444598	0.0849892	0.0674959	0.0521692	-0.00828793	-0.0281159	0.0978863	0.0949134	0.0847091	0.0932342	0.113122	0.0819789	0.0809578	-0.0444541	-0.195315	-0.0603009	-0.00296338	-0.012188	-0.0202597	-0.0116038	-0.00803959	0.0654003	0.100685	-0.00507353	0.110684	0.0693022	0.0797583	0.0796443	0.0925321	0.0891993	0.102623	0.0752274	0.073193	-0.0168741	-0.0227115	-0.0102409	-0.0295352	-0.0250354	-0.00606318	-0.00556576	-0.0577664	0.0694308	-0.218079	-0.0170946	0.0863681	-0.0146214	0.0983746	0.100505	0.0900008
-0.0299132	0.0889563	-0.0568055	-0.0481979	-0.0426818	-0.0354789	0.0694242	0.0620729	-0.0284877	0.0604019	0.0677634	0.00167478	0.0754545	-0.0441576	-0.0604527	0.0602697	0.5	0.0764376	0.0658881	-0.0440194	-0.031756	0.0518803	-0.0235362	0.0840215	0.0520246	0.0711552	0.0705763	-0.0318352	-0.0377508	-0.0260241	0.0796522	0.0770334	0.0555059	0.0792901	-0.0387015	0.0523899	0.0730991	-0.0565273	-0.0275421	-0.0500461	-0.043677	-0.030265	0.0731074	0.0632193	0.0468525	-0.0371643	0.0840252	0.0584689	-0.0413137	-0.0231011	-0.0287367	-0.05253	0.0716688	0.0675747	0.0622987	-0.0327481	-0.0358017	0.0733653	0.0635111	0.0790378	0.0746192	0.0813695	0.0689509	0.0553718	-0.0440478	-0.194484	-0.0614442	-0.0268818	-0.0236159	-0.0312306	-0.0296232	-0.0385309	0.0711473	0.0673244	-0.0304832	0.0869816	0.0635316	0.0582889	0.0670579	0.073912	0.0767845	0.0800691	0.0460053	0.0725121	-0.0398737	-0.0266804	-0.0279584	-0.0338495	-0.0375563	-0.0318849	-0.0331963	-0.0675628	0.059119	-0.212343	-0.0252754	0.0580233	-0.0356516	0.0783905	0.0781788	0.066362
-0.0135612	0.0998035	-0.0323933	-0.0354847	-0.0217492	-0.0316402	0.106101	0.0929201	-0.000914948	0.101321	0.0801983	0.00225463	0.0903449	-0.0182269	-0.0569092	0.0802049	0.0764376	0.5	0.104068	-0.0399844	-0.0120248	0.0649669	-0.0055637	0.08927	0.0910716	0.0804148	0.0975899	-0.0109126	-0.0236252	-0.00233308	0.0922444	0.083778	0.0645258	0.0934444	-0.018586	0.0661047	0.108106	-0.0490887	-0.0149851	-0.0264236	-0.0207243	-0.0127887	0.0855461	0.0761678	0.0607494	-0.0227862	0.0876613	0.116871	-0.0175231	0.00170144	-0.0249795	-0.0492091	0.0811627	0.0802536	0.0677837	-0.00516252	-0.0233645	0.101676	0.105423	0.0809129	0.0938722	0.0858196	0.0801689	0.0824419	-0.0328245	-0.20191	-0.0519206	-0.00698114	-0.00649915	-0.0170999	-0.00557536	-0.0124886	0.0788223	0.0706338	-0.00516842	0.0907156	0.0892012	0.0890875	0.087125	0.0972538	0.0758683	0.0788831	0.0442501	0.0839924	-0.0107794	-0.0117275	-0.0122278	-0.0308138	-0.0259031	-0.00939252	-0.0126618	-0.0533819	0.0766813	-0.218258	-0.0100223	0.0678219	-0.0149981	0.0843979	0.0906224	0.0804492
-0.00544727	0.106753	-0.0402115	-0.0449944	-0.0206296	-0.0323749	0.0967463	0.103008	-0.00545209	0.0641981	0.0737017	0.00870875	0.0859866	-0.0181486	-0.0624402	0.0851856	0.0658881	0.104068	0.5	-0.0529586	-0.0244908	0.0482332	-0.0191314	0.0744816	0.0706789	0.0876572	0.110983	0.00266179	-0.0355832	-0.000603774	0.0981546	0.0650644	0.0701333	0.0924636	-0.0272801	0.0874219	0.0760995	-0.062845	-0.0206101	-0.024154	-0.022452	-0.00572445	0.0982751	0.0711124	0.0472829	-0.0246828	0.0972483	0.104904	-0.0289215	-0.00248198	-0.0369769	-0.0549975	0.0982457	0.0723717	0.0390265	-0.0031551	-0.0330118	0.0874929	0.0935542	0.10186	0.097581	0.0832864	0.0587875	0.0705293	-0.0465586	-0.19952	-0.0625277	-0.00769104	-0.0153698	-0.0281935	-0.0197727	-0.00280049	0.0748099	0.0720778	-0.0128953	0.10005	0.0682692	0.0721173	0.101751	0.0746173	0.0778021	0.0953881	0.0497127	0.0813349	-0.00120705	-0.0213404	-0.0133139	-0.0369895	-0.0335535	-0.0106286	-0.00771072	-0.07086	0.0676921	-0.226239	-0.0235906	0.0781347	-0.0189479	0.0878912	0.101941	0.0882256
0.0451655	-0.0323632	-0.00410572	0.0259413	0.0122537	0.0377012	-0.0280549	-0.0334912	0.0232892	-0.0396454	-0.0358807	-0.0957872	-0.0416048	0.0024718	0.017215	-0.0399305	-0.0440194	-0.0399844	-0.0529586	0.5	0.0165182	-0.0536001	0.0256521	-0.0318475	-0.0385153	-0.0458602	-0.0291292	0.0301781	0.0221118	0.0274417	-0.0362998	-0.035883	-0.0379039	-0.0336847	0.0154581	-0.0423374	-0.0330565	0.00856948	0.0353948	0.0174165	0.0250652	0.0253654	-0.041042	-0.0437469	-0.0476668	0.0261873	-0.0344587	-0.0436866	0.0137133	0.0287185	0.0324219	0.0143873	-0.035428	-0.0413373	-0.0362083	0.00898066	0.0307232	-0.0414601	-0.0366529	-0.0428748	-0.0358468	-0.033415	-0.0344471	-0.0353036	0.0322873	-0.117952	0.00298869	0.0305238	0.0265948	0.0292148	0.0181216	0.0024979	-0.0390593	-0.0329731	0.036016	-0.0219952	-0.0404894	-0.0321324	-0.0333712	-0.0362059	-0.0366812	-0.040994	-0.0479157	-0.0404696	0.0314096	0.0260111	0.0243941	0.031575	0.0303422	0.0541436	0.032453	0.0121425	-0.0452117	-0.101774	0.0143195	-0.0400894	0.0242124	-0.0432019	-0.0363554	-0.0411042
0.056804	-0.00869318	0.0360541	0.0299185	0.0349971	0.0161447	-0.00739136	-0.000742827	0.0478135	-0.014969	-0.00477722	-0.0934352	-0.0138569	0.0389074	0.0157968	-0.0186478	-0.031756	-0.0120248	-0.0244908	0.0165182	0.5	-0.0494588	0.0487213	-0.00465972	-0.00931552	-0.0218605	-0.00515911	0.0493035	0.0434697	0.0493873	-0.00420846	-0.0186113	-0.0216532	-0.0135339	0.0571574	-0.0176338	-0.00731586	0.0209257	0.0399477	0.0479695	0.0419873	0.0587716	-0.0128849	-0.0393669	-0.0465759	0.0525039	-0.00803908	-0.00740989	0.0612809	0.0798653	0.0485505	0.0258196	-0.00953365	-0.0259053	-0.0300033	0.0380796	0.0148652	0.000121101	-0.00902165	-0.0223596	-0.0107527	-0.0107803	-0.0166168	-0.0221004	0.0175127	-0.114197	0.00993433	0.0495854	0.0567504	0.0650951	0.0482703	0.0399796	-0.0203251	-0.00489477	0.0735329	0.00384831	-0.024162	-0.00819501	-0.00568804	-0.0064833	-0.0115253	-0.0154614	-0.0370329	-0.0331886	0.0536345	0.0489136	0.0552041	0.0548642	0.0433425	0.053631	0.049065	0.00788563	-0.029559	-0.113305	0.0571529	-0.00999053	0.0552901	-0.00408651	-0.00874684	-0.00227046
-0.0397954	0.0557491	-0.0763653	-0.0482987	-0.0573098	-0.0424956	0.0810748	0.0522175	-0.0376228	0.0573116	0.0603049	0.00673317	0.0608033	-0.0627829	-0.0706935	0.0545119	0.0518803	0.0649669	0.0482332	-0.0536001	-0.0494588	0.5	-0.0457235	0.0531357	0.0629383	0.0557827	0.0744112	-0.043838	-0.0501723	-0.0355316	0.059717	0.0605641	0.0471521	0.0768504	-0.048328	0.0533005	0.0609026	-0.069635	-0.0342267	-0.0627453	-0.0566584	-0.0490463	0.0730528	0.0787609	0.072198	-0.0496727	0.0551713	0.0640744	-0.0505567	-0.0316114	-0.0467367	-0.061263	0.0762394	0.0759848	0.0508178	-0.0446468	-0.0526888	0.0654562	0.0565981	0.0464938	0.0753367	0.0517843	0.0474127	0.0693284	-0.0458053	-0.220064	-0.0745399	-0.0443339	-0.0414444	-0.0433609	-0.0377696	-0.0571299	0.0614006	0.0525389	-0.0499702	0.0578388	0.0580737	0.0643972	0.072055	0.0485658	0.0537934	0.0574002	0.0774972	0.055806	-0.0551394	-0.0453552	-0.0429663	-0.0400346	-0.05282	-0.045014	-0.041487	-0.067791	0.0705308	-0.235611	-0.0363693	0.0502278	-0.0509675	0.0596634	0.0609229	0.0651336
0.0516293	-0.00331323	0.0250244	0.0354128	0.0412754	0.0288699	-0.0022569	0.000789826	0.0547345	-0.0047418	-0.00739768	-0.087937	-0.00257415	0.0324919	0.0198455	-0.0105859	-0.0235362	-0.0055637	-0.0191314	0.0256521	0.0487213	-0.0457235	0.5	-0.00189263	-0.00608694	-0.0193087	0.000103422	0.0646567	0.0593329	0.0476516	-0.0100211	-0.015915	-0.0201062	-0.00411571	0.0510754	-0.0120315	-0.00941918	0.0155576	0.0466289	0.0446131	0.0418808	0.0377625	-0.00501066	-0.0323128	-0.0343845	0.0410522	-0.00536034	-0.00470265	0.041622	0.0623574	0.0517476	0.0235076	-0.0171371	-0.019629	-0.0277879	0.0474608	0.0458736	-0.00599973	-0.001629	-0.0172039	-0.00754912	-0.00830535	-0.00844024	-0.0150243	0.0345876	-0.112227	0.0218659	0.0532593	0.0514553	0.0489802	0.0411295	0.0283587	-0.01579	0.002089	0.059296	0.00255762	-0.0125916	0.00616413	-0.00283748	-0.0110497	-0.0143571	-0.0137807	-0.0319011	-0.0216785	0.0516293	0.0391286	0.0494606	0.0351984	0.0577137	0.0643675	0.0637265	0.0402506	-0.0230939	-0.0923803	0.0432192	-0.0193403	0.0394095	-0.00208931	-0.00787328	-0.007517
0.0159717	0.100617	-0.0259444	-0.0321404	-0.00803169	-0.0281021	0.110464	0.0873446	0.00527923	0.0943553	0.0752799	-0.00590798	0.0735936	-0.00902128	-0.0484895	0.0899528	0.0840215	0.08927	0.0744816	-0.0318475	-0.00465972	0.0531357	-0.00189263	0.5	0.0903753	0.0836976	0.101809	0.0234243	-0.0149675	-0.00109448	0.0873753	0.0759511	0.0762954	0.0967308	-0.0115739	0.0932105	0.100936	-0.0348572	-0.00740141	-0.00467189	-0.0134245	0.00891957	0.0891108	0.0627758	0.0504249	-0.0102712	0.0834226	0.110818	-0.0101876	0.0115094	-0.0179983	-0.0303104	0.081849	0.0807267	0.0577204	0.0145453	-0.0174353	0.0868268	0.0668959	0.0991755	0.108379	0.100553	0.0861275	0.0902538	-0.0374593	-0.189483	-0.0481009	0.0018787	-0.00796809	-0.00358856	-0.00335816	0.012945	0.0677678	0.0922642	0.00494064	0.0889558	0.0678638	0.102196	0.101117	0.105835	0.0979831	0.105469	0.0429634	0.0725271	0.00687239	-0.00213689	-0.000295624	-0.019821	-0.022245	0.00432608	0.00949638	-0.045932	0.0738837	-0.205915	-0.00467627	0.0910657	-0.00810372	0.0997472	0.108729	0.0978907
-0.00381973	0.0951171	-0.029479	-0.0364878	-0.0077581	-0.0320235	0.101245	0.091654	0.00573302	0.105718	0.0967149	-0.0136456	0.0905656	-0.00494594	-0.051351	0.0905852	0.0520246	0.0910716	0.0706789	-0.0385153	-0.00931552	0.0629383	-0.00608694	0.0903753	0.5	0.092661	0.081523	-0.00314897	-0.0213136	0.00717121	0.0898587	0.0795343	0.0754798	0.0867804	-0.0120232	0.095429	0.084075	-0.0470334	-0.0109026	-0.00856392	-0.00880388	-0.00148565	0.0903782	0.0551158	0.0545147	-0.0174886	0.100439	0.105652	-0.0127882	0.00928483	-0.0225892	-0.0320191	0.0983495	0.0823645	0.0567956	0.00250864	-0.0212768	0.0901097	0.0814313	0.0792899	0.0945924	0.0778745	0.0779033	0.0785388	-0.0340683	-0.191919	-0.0482859	-0.00138141	-0.00589206	-0.0127961	-0.000646209	-0.0130691	0.0607618	0.0859145	-0.00297746	0.0836782	0.0698618	0.0746901	0.0851746	0.092637	0.0926502	0.0894976	0.0568774	0.0853352	-0.0083068	-0.00931298	-0.00796701	-0.0213761	-0.019946	-0.00113767	-0.00608069	-0.0411277	0.066468	-0.206659	-0.00353782	0.0753946	-0.00844387	0.0922378	0.0795938	0.0988853
-0.0132678	0.0906178	-0.038	-0.0383317	-0.0246673	-0.0405421	0.120005	0.0779452	-0.00698457	0.0835658	0.079815	-0.00500224	0.0864719	-0.0222425	-0.0607331	0.0847672	0.0711552	0.0804148	0.0876572	-0.0458602	-0.0218605	0.0557827	-0.0193087	0.0836976	0.092661	0.5	0.0884398	-0.00804727	-0.0404274	-0.00987328	0.0784522	0.0627455	0.0871732	0.0907469	-0.0319604	0.0830182	0.077466	-0.062298	-0.0181172	-0.027041	-0.0242571	-0.0105455	0.093168	0.068879	0.057028	-0.0352353	0.101596	0.0724494	-0.0189517	-0.0069017	-0.0335965	-0.046727	0.0795609	0.0886117	0.0582944	-0.00469976	-0.0416528	0.0729454	0.0974794	0.105141	0.0692318	0.0856582	0.0655572	0.062885	-0.0483307	-0.210884	-0.0646015	-0.0205083	-0.013062	-0.0275161	-0.0114911	-0.0177045	0.076035	0.085555	-0.0176224	0.0989525	0.0642652	0.105503	0.0891876	0.0851254	0.0859109	0.0875171	0.0710339	0.0913032	-0.017125	-0.0193898	-0.0173116	-0.0324833	-0.034135	-0.00843509	-0.00468006	-0.063715	0.0727701	-0.232149	-0.0200141	0.0721809	-0.0315771	0.0957414	0.0792616	0.0943206
0.0200901	0.194366	-0.0219671	-0.0254901	-0.00585006	-0.018492	0.110778	0.108538	-0.000652001	0.0823318	0.0862498	0.012586	0.0862822	-0.00535621	-0.0427553	0.110145	0.0705763	0.0975899	0.110983	-0.0291292	-0.00515911	0.0744112	0.000103422	0.101809	0.081523	0.0884398	0.5	0.0228881	-0.0169396	0.0088054	0.123544	0.0898309	0.0595598	0.112376	-0.00717065	0.100729	0.108809	-0.043671	-0.00716161	-0.00986921	-0.00903852	0.00842181	0.115983	0.0688946	0.0616668	-0.0160044	0.0934821	0.110042	-0.00179673	0.0125784	-0.0183262	-0.0385127	0.0794162	0.0770271	0.0766854	0.0128768	-0.0234422	0.104507	0.124493	0.0988662	0.110007	0.11776	0.0756502	0.0802906	-0.027551	-0.187732	-0.0444328	0.00649881	-0.00170156	-0.00984851	0.00175377	0.0133087	0.0954057	0.0899932	0.00832958	0.104099	0.0823016	0.0924401	0.0963198	0.0921778	0.0945833	0.108166	0.0740434	0.071675	0.0169879	-0.00383783	0.00545336	-0.0239331	-0.0171529	0.00059264	0.00417939	-0.0481347	0.0896477	-0.201841	-0.00147741	0.0841256	-0.00492794	0.116028	0.114605	0.103019
0.0852056	0.00618121	0.0330741	0.0205876	0.0472768	0.0163263	0.00978528	0.023747	0.0583019	-0.0130695	-0.00727774	-0.093092	-0.0141074	0.0320701	0.0097923	0.00100453	-0.0318352	-0.0109126	0.00266179	0.0301781	0.0493035	-0.043838	0.0646567	0.0234243	-0.00314897	-0.00804727	0.0228881	0.5	0.0446359	0.0477874	0.00701703	-0.0298516	-0.0223948	-0.00990025	0.0396366	0.00390836	-0.0035671	0.0099196	0.0518973	0.0555621	0.0648158	0.0758022	0.00386821	-0.0336365	-0.0424642	0.0382159	-0.00830579	0.0110681	0.0579777	0.073143	0.038239	0.0239296	-0.00299328	-0.0212703	-0.036273	0.0708127	0.0215885	-0.000566682	-0.00795789	0.000130939	0.00641483	-0.0036641	-0.0201963	-0.0274645	0.0267698	-0.0917489	0.00768079	0.0547056	0.0519385	0.0764812	0.041769	0.0615218	-0.0169428	-0.00266209	0.052322	0.0114817	-0.0315344	0.00186528	0.00430406	0.00192169	-0.00107752	0.00242196	-0.0352366	-0.0233361	0.0709724	0.046604	0.0611666	0.0355365	0.0431145	0.075058	0.0707031	0.00633617	-0.0331848	-0.0930163	0.0553552	0.0013088	0.0669801	0.000612193	-0.00128634	0.00734116
0.0469883	-0.0221253	0.0517035	0.0256193	0.0336887	0.0381575	-0.0190837	-0.0201835	0.0677385	-0.0330008	-0.0185361	-0.103502	-0.0239461	0.0298792	0.0102605	-0.0289023	-0.0377508	-0.0236252	-0.0355832	0.0221118	0.0434697	-0.0501723	0.0593329	-0.0149675	-0.0213136	-0.0404274	-0.0169396	0.0446359	0.5	0.0546323	-0.0222418	-0.0297754	-0.0314727	-0.0183418	0.060214	-0.0263751	-0.0248235	0.0289067	0.0631166	0.0541356	0.039118	0.0510222	-0.0231671	-0.0430001	-0.0517977	0.0443559	-0.0172946	-0.0177588	0.0600512	0.0612239	0.0480286	0.0226032	-0.0218368	-0.0288003	-0.037545	0.055699	0.0327711	-0.0208058	-0.0178267	-0.0319674	-0.0242331	-0.025589	-0.0250124	-0.0302247	0.0430835	-0.0973754	0.0079074	0.0466434	0.0362596	0.0488585	0.0456551	0.037002	-0.027454	-0.0212993	0.0461578	-0.0156606	-0.0291261	-0.0170946	-0.0136286	-0.0211782	-0.0278602	-0.0303703	-0.0418211	-0.0354814	0.0604368	0.0456419	0.0433852	0.03479	0.0555803	0.0597706	0.0501175	0.0226823	-0.0381935	-0.0999915	0.0649044	-0.0309673	0.0472447	-0.0207581	-0.0241041	-0.0172963
0.0459454	0.00587116	0.0385513	0.0274202	0.0437822	0.0193464	0.00821997	0.0181764	0.0686433	-0.0105756	0.00150287	-0.0865352	0.00502551	0.0415256	0.00849566	-0.00415303	-0.0260241	-0.00233308	-0.000603774	0.0274417	0.0493873	-0.0355316	0.0476516	-0.00109448	0.00717121	-0.00987328	0.0088054	0.0477874	0.0546323	0.5	0.0117134	-0.0170343	-0.0151788	0.0018497	0.0600383	-0.00274641	0.000961695	0.0296333	0.0434492	0.0417767	0.0611996	0.0597811	0.000998925	-0.0221241	-0.0419683	0.0389887	-0.000211604	0.00150454	0.0601787	0.0694919	0.0403611	0.0230928	0.00867636	-0.0132755	-0.0257232	0.062713	0.0227436	0.00218782	0.00495526	-0.00630721	0.00567056	0.00218224	-0.00607706	-0.0140675	0.0427362	-0.116362	-1.48642e-05	0.0572765	0.0476704	0.0427426	0.054031	0.0436211	-0.012627	0.00564317	0.0522433	0.015535	-0.021676	0.00881381	0.00940375	0.00467821	0.00799652	-0.00511801	-0.0244207	-0.0157307	0.067795	0.053454	0.0467257	0.0135253	0.0454234	0.0671215	0.0682944	0.0205949	-0.0188436	-0.13128	0.0476641	-0.00328811	0.0470263	0.0035254	0.00196353	-0.00105595
0.00506807	0.109396	-0.0355515	-0.0410172	-0.0169805	-0.0300488	0.103992	0.110963	0.00318418	0.0674262	0.102045	-0.0183205	0.0741342	-0.00953138	-0.0512842	0.117337	0.0796522	0.0922444	0.0981546	-0.0362998	-0.00420846	0.059717	-0.0100211	0.0873753	0.0898587	0.0784522	0.123544	0.00701703	-0.0222418	0.0117134	0.5	0.0595505	0.0662823	0.0973428	-0.0122026	0.0988194	0.0946114	-0.0576939	-0.0157788	-0.0166185	-0.0101287	0.00589158	0.100636	0.062259	0.0470264	-0.0250957	0.0983508	0.102077	-0.0170967	0.00486152	-0.0202855	-0.0364233	0.0903793	0.0789223	0.0501039	0.00451281	-0.0260011	0.101607	0.106966	0.0990273	0.103169	0.0975081	0.0704205	0.0722017	-0.0361179	-0.187747	-0.0533923	0.00039578	-0.00602949	-0.0105335	-0.00453058	-0.010629	0.0797299	0.0932021	0.00188472	0.0980153	0.076619	0.0742655	0.103894	0.0924202	0.105102	0.0989497	0.0459213	0.0715097	-0.0057321	-0.0175439	-0.00624139	-0.0270304	-0.0296027	-7.0042e-05	0.00152675	-0.0567221	0.0505767	-0.215387	-0.0071197	0.0948648	-0.0106578	0.106219	0.110644	0.0966714
-0.017972	0.0777515	-0.0458164	-0.0308368	-0.0399829	-0.0268459	0.0707642	0.0667488	-0.0172453	0.0848542	0.0734275	-0.0104227	0.0734669	-0.0301676	-0.0490701	0.0943121	0.0770334	0.083778	0.0650644	-0.035883	-0.0186113	0.0605641	-0.015915	0.0759511	0.0795343	0.0627455	0.0898309	-0.0298516	-0.0297754	-0.0170343	0.0595505	0.5	0.0631963	0.0807126	-0.0325815	0.0517522	0.0811065	-0.0488268	-0.0157421	-0.0414721	-0.0293301	-0.0226906	0.0744255	0.0586089	0.0563745	-0.0291706	0.0708713	0.0689008	-0.0369567	-0.0135268	-0.0234609	-0.0434086	0.0702532	0.0708079	0.0638689	-0.0253547	-0.0250004	0.0729861	0.0604801	0.0587749	0.0909771	0.0782975	0.0596872	0.077121	-0.0419929	-0.196275	-0.0549622	-0.0231285	-0.0169035	-0.0223589	-0.0148789	-0.0264413	0.0661663	0.0775985	-0.022515	0.0716896	0.0772077	0.0572981	0.0608542	0.0837281	0.0666873	0.08714	0.0624688	0.0571808	-0.0278606	-0.0188352	-0.0292943	-0.0204605	-0.0261318	-0.0266728	-0.0283446	-0.049159	0.0843174	-0.210469	-0.0195937	0.0563442	-0.0275676	0.0855478	0.0902023	0.0769069
-0.0305299	0.07788	-0.0488613	-0.0358562	-0.0440487	-0.0323694	0.078504	0.0587502	-0.016583	0.084997	0.0643248	-0.0130821	0.0547477	-0.0420506	-0.0490268	0.0709288	0.0555059	0.0645258	0.0701333	-0.0379039	-0.0216532	0.0471521	-0.0201062	0.0762954	0.0754798	0.0871732	0.0595598	-0.0223948	-0.0314727	-0.0151788	0.0662823	0.0631963	0.5	0.0777138	-0.0283046	0.0742217	0.0687259	-0.0498958	-0.0130219	-0.04547	-0.0355799	-0.0249939	0.0591616	0.071324	0.0581355	-0.0324552	0.0700323	0.0838577	-0.0387785	-0.0171581	-0.0299201	-0.0420272	0.0686402	0.0828076	0.054264	-0.0251164	-0.037246	0.0511444	0.0735938	0.0554407	0.0655046	0.0757176	0.068688	0.0587268	-0.0373174	-0.198045	-0.0550956	-0.0213047	-0.0213545	-0.0269382	-0.027781	-0.0383209	0.0443753	0.0804402	-0.0374955	0.0707516	0.0655314	0.0706058	0.0767478	0.0776829	0.0678296	0.064636	0.0680363	0.076072	-0.0391949	-0.019804	-0.0209562	-0.0211636	-0.0268796	-0.0227176	-0.0190268	-0.0589	0.0526442	-0.220688	-0.0240033	0.061473	-0.0309773	0.0687847	0.0689892	0.0759831
0.00291116	0.106092	-0.0289803	-0.0306729	-0.012915	-0.0268481	0.0990157	0.0776858	0.00112758	0.0786678	0.0837218	-0.00127063	0.0910977	-0.0116005	-0.0504231	0.0966172	0.0792901	0.0934444	0.0924636	-0.0336847	-0.0135339	0.0768504	-0.00411571	0.0967308	0.0867804	0.0907469	0.112376	-0.00990025	-0.0183418	0.0018497	0.0973428	0.0807126	0.0777138	0.5	-0.0105275	0.0788805	0.0892494	-0.0525029	-0.00543615	-0.0172274	-0.0126835	-0.00426829	0.0987753	0.0536056	0.0717419	-0.014462	0.0879246	0.100371	-0.0126839	-0.001167	-0.0189465	-0.0396735	0.0937334	0.0716367	0.0639484	-0.0138603	-0.0248831	0.0992362	0.10595	0.0769572	0.103194	0.0907209	0.0694183	0.0927497	-0.0325222	-0.194268	-0.0525363	0.000475273	-0.00343453	-0.00929981	0.00268488	-0.0172067	0.0769994	0.103215	-0.00511228	0.109606	0.076441	0.0968226	0.0990761	0.0888823	0.0894104	0.104268	0.075003	0.0888428	-0.0123955	-0.00962482	-0.00248381	-0.0284516	-0.021236	-0.00624222	-0.00583833	-0.0566538	0.0844986	-0.208141	-0.00308396	0.077994	-0.01338	0.0980614	0.0932055	0.0732667
0.0654132	-0.011103	0.0566549	0.0160147	0.0383714	0.0187083	-0.0147183	-0.00854698	0.0497885	-0.0277086	-0.0118692	-0.103551	-0.0160235	0.0264617	0.0221593	-0.0137615	-0.0387015	-0.018586	-0.0272801	0.0154581	0.0571574	-0.048328	0.0510754	-0.0115739	-0.0120232	-0.0319604	-0.00717065	0.0396366	0.060214	0.0600383	-0.0122026	-0.0325815	-0.0283046	-0.0105275	0.5	-0.0138465	-0.00906844	0.00305728	0.034585	0.0505791	0.0559161	0.0391937	-0.015697	-0.0415835	-0.0534734	0.0503104	-0.0110392	-0.0149899	0.0496169	0.0637897	0.0435487	0.0277321	-0.0164813	-0.028985	-0.0414391	0.0604789	0.0285055	-0.0174238	-0.0137913	-0.0297604	-0.0173536	-0.0114551	-0.0167792	-0.0272188	0.0325373	-0.1158	0.020401	0.0516293	0.0582778	0.0446356	0.0499426	0.0503644	-0.025646	-0.00949109	0.0524664	-0.00548542	-0.0283244	-0.0104108	-0.00702403	-0.0106768	-0.0145797	-0.0175587	-0.0378773	-0.0299699	0.0560408	0.0522257	0.0514074	0.0351362	0.058805	0.0666522	0.0745662	0.00813158	-0.0407657	-0.102858	0.0591353	-0.0225019	0.0486447	-0.0106031	-0.0129896	-0.0168889
0.00156445	0.100603	-0.0305469	-0.0430641	-0.0140045	-0.0284596	0.108737	0.0943291	0.0053682	0.0851809	0.0711494	0.00614	0.0837958	-0.017031	-0.0571452	0.0917724	0.0523899	0.0661047	0.0874219	-0.0423374	-0.0176338	0.0533005	-0.0120315	0.0932105	0.095429	0.0830182	0.100729	0.00390836	-0.0263751	-0.00274641	0.0988194	0.0517522	0.0742217	0.0788805	-0.0138465	0.5	0.0818618	-0.0521519	-0.0158348	-0.00896633	-0.0187814	-0.00077355	0.103673	0.0647884	0.0583545	-0.01738	0.105674	0.104458	-0.0159345	0.00550494	-0.0316025	-0.0433452	0.106077	0.0798799	0.0498247	0.00863954	-0.0307118	0.0860414	0.0806188	0.117645	0.0989659	0.08681	0.0768134	0.0670572	-0.0506308	-0.205232	-0.0584347	-0.00298708	-0.00871416	-0.0211582	-0.0146853	0.000500689	0.0748293	0.0842191	-0.0051073	0.0835508	0.0670806	0.0892968	0.116159	0.0919157	0.0990458	0.101766	0.0681742	0.0832831	-0.00537635	-0.0158637	-0.00825613	-0.0276985	-0.0258206	-0.000857109	0.0016582	-0.0555142	0.0540303	-0.222697	-0.0100965	0.094168	-0.018758	0.0886061	0.0997921	0.0931919
-0.00030058	0.0983668	-0.0285255	-0.031793	-0.0190013	-0.0365986	0.0948383	0.0989368	0.00415902	0.0724482	0.0783851	0.0139969	0.0847054	-0.0138662	-0.0538325	0.0898366	0.0730991	0.108106	0.0760995	-0.0330565	-0.00731586	0.0609026	-0.00941918	0.100936	0.084075	0.077466	0.108809	-0.0035671	-0.0248235	0.000961695	0.0946114	0.0811065	0.0687259	0.0892494	-0.00906844	0.0818618	0.5	-0.04557	-0.0173082	-0.0150814	-0.0171788	-0.00351429	0.0937797	0.0564747	0.0573925	-0.0198939	0.0924752	0.0846529	-0.0203876	-0.000620708	-0.0215327	-0.0402641	0.0936683	0.0716168	0.0666502	-0.00292268	-0.0264072	0.0916948	0.0978182	0.0771729	0.0969339	0.102228	0.0903414	0.0664691	-0.0403895	-0.204317	-0.0576343	-0.00269708	-0.00921406	-0.00579072	-0.00337659	-0.00859853	0.0855992	0.0793948	-0.00601311	0.0961438	0.0678844	0.0997366	0.101587	0.0807414	0.0990706	0.095781	0.0643342	0.0765685	-0.0112366	-0.0124729	-0.00445096	-0.0226129	-0.0202057	-0.00719391	-0.00299049	-0.0455464	0.0717041	-0.222333	-0.0130658	0.0826377	-0.0127855	0.0959017	0.0947975	0.0940279
0.0175068	-0.0458017	0.00778478	0.0190687	0.011022	0.00546343	-0.0425395	-0.0427573	0.00784943	-0.0505028	-0.0434686	-0.101479	-0.0446712	-0.00151429	-0.00664974	-0.057533	-0.0565273	-0.0490887	-0.062845	0.00856948	0.0209257	-0.069635	0.0155576	-0.0348572	-0.0470334	-0.062298	-0.043671	0.0099196	0.0289067	0.0296333	-0.0576939	-0.0488268	-0.0498958	-0.0525029	0.00305728	-0.0521519	-0.04557	0.5	0.0156635	0.0139216	0.0148858	0.028376	-0.0431579	-0.0488104	-0.0586314	0.0108799	-0.050193	-0.0489821	0.0211837	0.0326775	0.0184554	0.0182923	-0.0450134	-0.0518129	-0.0424227	0.0231456	0.00602105	-0.0488895	-0.0495154	-0.0637499	-0.0486865	-0.0447089	-0.0490722	-0.0439332	0.00445897	-0.105282	-0.0163884	0.0112153	0.0185499	0.0121395	0.00847786	-0.00317291	-0.045916	-0.0470975	0.0240994	-0.0394864	-0.0506036	-0.0450729	-0.0469316	-0.0492585	-0.0519648	-0.0545219	-0.0549751	-0.0496772	0.0195752	0.0120332	0.00925696	0.0173678	0.0372652	0.0176981	0.0318014	0.0184264	-0.0476926	-0.108437	0.0179048	-0.0586768	-0.00665606	-0.0350845	-0.0531137	-0.0453516
