0.5	0.017045	0.0369732	-0.0370561	-0.0826665	-0.0352062	0.0323281	-0.0372948	-0.0361198	-0.0387782
0.017045	0.5	0.0270105	-0.0156207	-0.0665144	-0.0326218	0.048407	-0.00833078	-0.00890758	-0.0205481
0.0369732	0.0270105	0.5	-0.0157399	-0.0693651	-0.0221416	0.0206411	-0.0163158	-0.0173097	-0.0155029
-0.0370561	-0.0156207	-0.0157399	0.5	0.0442338	0.0840556	-0.0202613	0.100001	0.0923759	0.0759434
-0.0826665	-0.0665144	-0.0693651	0.0442338	0.5	0.054111	-0.0713721	0.0424029	0.0547772	0.0469921
-0.0352062	-0.0326218	-0.0221416	0.0840556	0.054111	0.5	-0.0345237	0.101485	0.0853545	0.0694367
0.0323281	0.048407	0.0206411	-0.0202613	-0.0713721	-0.0345237	0.5	-0.015813	-0.0164882	-0.0217069
-0.0372948	-0.00833078	-0.0163158	0.100001	0.0424029	0.101485	-0.015813	0.5	0.104736	0.079437
-0.0361198	-0.00890758	-0.0173097	0.0923759	0.0547772	0.0853545	-0.0164882	0.104736	0.5	0.0778755
-0.0387782	-0.0205481	-0.0155029	0.0759434	0.0469921	0.0694367	-0.0217069	0.079437	0.0778755	0.5
