1	0.73873	0.740869	0.742764	0.733062	0.71633	0.734636	0.732976	0.742941	0.743507	0.741643	0.726299	0.73818	0.737838	0.733301	0.793038	0.738784	0.734032	0.734892	0.742024	0.739351	0.735693	0.733226	0.725875	0.736641	0.733613	0.737768	0.732546	0.734648	0.738125	0.731636	0.749924	0.731697	0.735018	0.746599	0.733037	0.73759	0.737667	0.729279	0.741372	0.735426	0.736888	0.732182	0.74066	0.729676	0.733571	0.73257	0.73604	0.734067	0.726676	0.736227	0.742684	0.732589
0.73873	1	0.735898	0.735137	0.737917	0.729534	0.740165	0.737746	0.733464	0.744062	0.729526	0.741616	0.738948	0.73821	0.747713	0.738226	0.735324	0.731527	0.734622	0.738986	0.736923	0.734391	0.730041	0.740558	0.744016	0.737961	0.738789	0.736558	0.745684	0.731784	0.740039	0.740921	0.734585	0.735414	0.733186	0.739918	0.737552	0.733804	0.737924	0.744555	0.728387	0.742045	0.739991	0.738775	0.729099	0.742166	0.7341	0.736272	0.743111	0.730301	0.734999	0.742954	0.735671
0.740869	0.735898	1	0.729805	0.732393	0.712493	0.737043	0.730495	0.728337	0.739005	0.735088	0.730286	0.72235	0.735794	0.726605	0.736878	0.741898	0.73067	0.725848	0.727388	0.730806	0.736071	0.725352	0.728497	0.728991	0.739153	0.731245	0.737243	0.738738	0.73974	0.742641	0.742117	0.731332	0.736156	0.733069	0.732532	0.729162	0.749088	0.740869	0.735024	0.740717	0.736001	0.729814	0.732938	0.735558	0.731139	0.729111	0.72659	0.728349	0.738058	0.733951	0.737937	0.729482
0.742764	0.735137	0.729805	1	0.74898	0.701637	0.730291	0.73581	0.729373	0.747165	0.727538	0.731362	0.741282	0.747518	0.735459	0.731438	0.726505	0.739373	0.74154	0.731206	0.736713	0.728225	0.728759	0.737877	0.739384	0.737777	0.741158	0.729709	0.740195	0.744277	0.727601	0.742167	0.737258	0.727861	0.737255	0.732317	0.734154	0.726933	0.731662	0.731895	0.747797	0.724775	0.731708	0.73672	0.739912	0.728603	0.733434	0.740435	0.738298	0.724482	0.735444	0.733984	0.724867
0.733062	0.737917	0.732393	0.74898	1	0.710805	0.726897	0.732514	0.733542	0.733444	0.729021	0.734873	0.731405	0.744897	0.736094	0.733449	0.744608	0.730585	0.727526	0.734917	0.730687	0.733258	0.738331	0.739683	0.741973	0.74571	0.733799	0.736183	0.733168	0.738365	0.737146	0.745275	0.729985	0.723066	0.727117	0.727278	0.747594	0.730831	0.729399	0.740318	0.728035	0.726808	0.739833	0.744563	0.738557	0.742653	0.732124	0.731616	0.730874	0.729401	0.745334	0.738415	0.727981
0.71633	0.729534	0.712493	0.701637	0.710805	1	0.718066	0.714531	0.718869	0.715776	0.72169	0.722139	0.715475	0.708498	0.716838	0.721333	0.708153	0.712028	0.709753	0.71523	0.718412	0.722455	0.718456	0.714359	0.716759	0.723818	0.710419	0.720317	0.713565	0.713513	0.719516	0.717291	0.721102	0.710709	0.712625	0.719222	0.718493	0.7178	0.705738	0.718986	0.717634	0.723515	0.727373	0.714453	0.704703	0.710102	0.720278	0.714612	0.712891	0.713824	0.72105	0.71915	0.705208
0.734636	0.740165	0.737043	0.730291	0.726897	0.718066	1	0.729264	0.737359	0.737642	0.737007	0.735552	0.727515	0.738028	0.738021	0.733867	0.727592	0.733333	0.725364	0.738706	0.733225	0.734489	0.730572	0.729124	0.752116	0.745054	0.737231	0.741691	0.738276	0.732729	0.738304	0.735938	0.741645	0.732917	0.730263	0.735623	0.73067	0.739271	0.739795	0.733225	0.732302	0.74104	0.734776	0.739636	0.73476	0.741811	0.731877	0.741743	0.742934	0.730274	0.740946	0.734634	0.736733
0.732976	0.737746	0.730495	0.73581	0.732514	0.714531	0.729264	1	0.731737	0.730585	0.732099	0.73108	0.730844	0.731957	0.731455	0.742356	0.747643	0.748292	0.733006	0.737547	0.732912	0.731109	0.73638	0.730546	0.731809	0.741331	0.734008	0.728994	0.729198	0.732549	0.736079	0.738284	0.728967	0.731183	0.747878	0.736468	0.739123	0.728711	0.741059	0.745917	0.733799	0.72737	0.721978	0.735396	0.732402	0.740244	0.741615	0.732028	0.732603	0.733902	0.735658	0.737387	0.732248
0.742941	0.733464	0.728337	0.729373	0.733542	0.718869	0.737359	0.731737	1	0.737678	0.732233	0.732271	0.745472	0.72725	0.737837	0.733126	0.738723	0.739138	0.729092	0.739804	0.725135	0.738293	0.734034	0.732077	0.731405	0.743154	0.724432	0.73344	0.733287	0.733471	0.737487	0.729595	0.741886	0.735481	0.740326	0.73449	0.728313	0.738384	0.732378	0.741326	0.731776	0.727293	0.731263	0.734738	0.738542	0.744374	0.727882	0.739015	0.731508	0.726779	0.73962	0.73876	0.732522
0.743507	0.744062	0.739005	0.747165	0.733444	0.715776	0.737642	0.730585	0.737678	1	0.743775	0.736888	0.738748	0.741031	0.732773	0.741271	0.738363	0.740971	0.73281	0.737088	0.722624	0.748721	0.731311	0.736469	0.740687	0.73495	0.753725	0.730763	0.736904	0.737982	0.743175	0.7453	0.733805	0.736832	0.733063	0.73554	0.741244	0.739273	0.724833	0.737081	0.744494	0.737452	0.73346	0.739639	0.728936	0.73273	0.727544	0.738783	0.738902	0.72194	0.732461	0.734697	0.729356
0.741643	0.729526	0.735088	0.727538	0.729021	0.72169	0.737007	0.732099	0.732233	0.743775	1	0.727708	0.718853	0.726108	0.734372	0.738948	0.735455	0.729533	0.734731	0.738033	0.728673	0.727167	0.73725	0.736064	0.733039	0.739425	0.735215	0.740401	0.734275	0.723748	0.733249	0.737618	0.736574	0.737614	0.731902	0.727128	0.732668	0.737028	0.726506	0.737691	0.734715	0.727208	0.742225	0.722519	0.72383	0.734014	0.730693	0.738361	0.733712	0.7228	0.733184	0.738389	0.727258
0.726299	0.741616	0.730286	0.731362	0.734873	0.722139	0.735552	0.73108	0.732271	0.736888	0.727708	1	0.731928	0.735978	0.733267	0.73903	0.732485	0.736059	0.726172	0.740565	0.728874	0.733996	0.738673	0.743655	0.744841	0.728634	0.734508	0.73991	0.74039	0.732789	0.738138	0.72938	0.725439	0.738323	0.729656	0.729432	0.739413	0.73735	0.730886	0.731372	0.733564	0.735847	0.739253	0.725055	0.729599	0.732545	0.748693	0.731322	0.741289	0.728438	0.731974	0.733031	0.737201
0.73818	0.738948	0.72235	0.741282	0.731405	0.715475	0.727515	0.730844	0.745472	0.738748	0.718853	0.731928	1	0.732234	0.728793	0.731679	0.728445	0.737341	0.736007	0.739097	0.727994	0.734823	0.731267	0.733515	0.729078	0.732287	0.739287	0.728282	0.738126	0.733879	0.731453	0.721923	0.732375	0.743137	0.740205	0.739076	0.743289	0.731163	0.733453	0.73212	0.736538	0.737485	0.737788	0.740924	0.731135	0.734397	0.724134	0.735519	0.736574	0.731747	0.737323	0.741114	0.728549
0.737838	0.73821	0.735794	0.747518	0.744897	0.708498	0.738028	0.731957	0.72725	0.741031	0.726108	0.735978	0.732234	1	0.737689	0.730089	0.735161	0.741586	0.73465	0.732672	0.736954	0.728328	0.735306	0.730335	0.733539	0.739334	0.743296	0.738981	0.737751	0.73536	0.734109	0.732867	0.729158	0.736117	0.727325	0.735571	0.734238	0.724305	0.732893	0.731578	0.735019	0.723244	0.730941	0.736199	0.734181	0.735704	0.733041	0.741121	0.731022	0.728393	0.733956	0.726321	0.739048
0.733301	0.747713	0.726605	0.735459	0.736094	0.716838	0.738021	0.731455	0.737837	0.732773	0.734372	0.733267	0.728793	0.737689	1	0.72891	0.727329	0.729808	0.746313	0.737119	0.730455	0.726886	0.733033	0.739072	0.736387	0.743923	0.724478	0.73108	0.741347	0.73609	0.72838	0.743473	0.743954	0.721099	0.73389	0.731192	0.726933	0.73544	0.735033	0.739032	0.733103	0.743132	0.733685	0.733245	0.732136	0.732596	0.742596	0.74553	0.739123	0.726003	0.73589	0.724579	0.738637
0.793038	0.738226	0.736878	0.731438	0.733449	0.721333	0.733867	0.742356	0.733126	0.741271	0.738948	0.73903	0.731679	0.730089	0.72891	1	0.746215	0.740391	0.726609	0.74595	0.733412	0.741017	0.742672	0.732382	0.736215	0.734377	0.73432	0.725364	0.733403	0.743776	0.740497	0.757083	0.731604	0.740143	0.749552	0.733572	0.732399	0.74468	0.731612	0.740277	0.741359	0.73227	0.733369	0.731695	0.733062	0.735286	0.737633	0.732435	0.74462	0.727128	0.742514	0.74141	0.732202
0.738784	0.735324	0.741898	0.726505	0.744608	0.708153	0.727592	0.747643	0.738723	0.738363	0.735455	0.732485	0.728445	0.735161	0.727329	0.746215	1	0.727737	0.730773	0.738379	0.734424	0.733726	0.73407	0.7331	0.728249	0.734607	0.732879	0.732176	0.732458	0.72822	0.737217	0.744931	0.736204	0.735288	0.741247	0.732612	0.73158	0.736979	0.735523	0.737128	0.738184	0.723735	0.736865	0.734432	0.741244	0.7363	0.725134	0.732177	0.723424	0.735426	0.739495	0.742387	0.734891
0.734032	0.731527	0.73067	0.739373	0.730585	0.712028	0.733333	0.748292	0.739138	0.740971	0.729533	0.736059	0.737341	0.741586	0.729808	0.740391	0.727737	1	0.731627	0.736419	0.725502	0.740267	0.735843	0.731395	0.734254	0.734611	0.734632	0.733945	0.734877	0.735207	0.736161	0.72715	0.731464	0.7456	0.735652	0.727191	0.732278	0.732304	0.732686	0.732223	0.742289	0.725935	0.727672	0.73778	0.730001	0.741501	0.733656	0.727034	0.744646	0.728924	0.740813	0.740387	0.736984
0.734892	0.734622	0.725848	0.74154	0.727526	0.709753	0.725364	0.733006	0.729092	0.73281	0.734731	0.726172	0.736007	0.73465	0.746313	0.726609	0.730773	0.731627	1	0.737301	0.734079	0.728541	0.725745	0.738371	0.735476	0.731718	0.73898	0.730453	0.742032	0.733522	0.721439	0.733768	0.72815	0.727886	0.736479	0.736041	0.727221	0.718111	0.739524	0.734929	0.733225	0.732425	0.735873	0.735673	0.731691	0.731769	0.73497	0.736746	0.724175	0.729432	0.73259	0.730808	0.733721
0.742024	0.738986	0.727388	0.731206	0.734917	0.71523	0.738706	0.737547	0.739804	0.737088	0.738033	0.740565	0.739097	0.732672	0.737119	0.74595	0.738379	0.736419	0.737301	1	0.726336	0.736535	0.739194	0.727304	0.742965	0.732293	0.741588	0.734078	0.73405	0.737744	0.741855	0.746083	0.731566	0.742504	0.734969	0.732158	0.742234	0.733805	0.742401	0.745968	0.738933	0.740086	0.737211	0.731725	0.734195	0.745564	0.74167	0.74144	0.744082	0.729782	0.739827	0.733808	0.724811
0.739351	0.736923	0.730806	0.736713	0.730687	0.718412	0.733225	0.732912	0.725135	0.722624	0.728673	0.728874	0.727994	0.736954	0.730455	0.733412	0.734424	0.725502	0.734079	0.726336	1	0.726592	0.735503	0.734536	0.734625	0.739424	0.733601	0.742988	0.736914	0.72853	0.73008	0.731175	0.742863	0.734605	0.73458	0.735196	0.729317	0.738292	0.733678	0.731839	0.732526	0.73542	0.747083	0.736089	0.738815	0.736926	0.736776	0.741207	0.726384	0.733375	0.729421	0.7388	0.730758
0.735693	0.734391	0.736071	0.728225	0.733258	0.722455	0.734489	0.731109	0.738293	0.748721	0.727167	0.733996	0.734823	0.728328	0.726886	0.741017	0.733726	0.740267	0.728541	0.736535	0.726592	1	0.734345	0.728729	0.733745	0.736154	0.727513	0.732403	0.731051	0.740992	0.733683	0.739494	0.725888	0.73485	0.74053	0.741377	0.727934	0.739683	0.727842	0.73731	0.735108	0.737048	0.735744	0.727052	0.736419	0.73808	0.736182	0.736882	0.734141	0.733824	0.735094	0.732491	0.732195
0.733226	0.730041	0.725352	0.728759	0.738331	0.718456	0.730572	0.73638	0.734034	0.731311	0.73725	0.738673	0.731267	0.735306	0.733033	0.742672	0.73407	0.735843	0.725745	0.739194	0.735503	0.734345	1	0.738002	0.728513	0.737366	0.727784	0.735628	0.73437	0.730431	0.732108	0.733136	0.737827	0.739283	0.731759	0.729166	0.742037	0.733926	0.732657	0.73568	0.732318	0.744796	0.74005	0.726759	0.726587	0.741015	0.737674	0.732702	0.732863	0.720709	0.745859	0.728475	0.737403
0.725875	0.740558	0.728497	0.737877	0.739683	0.714359	0.729124	0.730546	0.732077	0.736469	0.736064	0.743655	0.733515	0.730335	0.739072	0.732382	0.7331	0.731395	0.738371	0.727304	0.734536	0.728729	0.738002	1	0.728063	0.725172	0.737723	0.726255	0.735692	0.732046	0.719537	0.722744	0.731181	0.735377	0.717729	0.734139	0.730839	0.72912	0.732782	0.725791	0.723688	0.729645	0.733191	0.726999	0.731711	0.727822	0.732873	0.734038	0.741688	0.723882	0.736555	0.732261	0.728182
0.736641	0.744016	0.728991	0.739384	0.741973	0.716759	0.752116	0.731809	0.731405	0.740687	0.733039	0.744841	0.729078	0.733539	0.736387	0.736215	0.728249	0.734254	0.735476	0.742965	0.734625	0.733745	0.728513	0.728063	1	0.738011	0.736779	0.729113	0.734899	0.73953	0.741717	0.735153	0.731228	0.731155	0.73432	0.737036	0.730722	0.730298	0.736635	0.737934	0.733011	0.735967	0.732551	0.729159	0.726981	0.728975	0.739058	0.733641	0.745002	0.725459	0.730444	0.732825	0.735865
0.733613	0.737961	0.739153	0.737777	0.74571	0.723818	0.745054	0.741331	0.743154	0.73495	0.739425	0.728634	0.732287	0.739334	0.743923	0.734377	0.734607	0.734611	0.731718	0.732293	0.739424	0.736154	0.737366	0.725172	0.738011	1	0.734397	0.738366	0.72927	0.731398	0.744792	0.736982	0.735776	0.731384	0.740556	0.731075	0.732222	0.733275	0.734264	0.749689	0.740569	0.734767	0.741211	0.733774	0.726914	0.733556	0.740535	0.731027	0.736708	0.725945	0.744893	0.736548	0.732485
0.737768	0.738789	0.731245	0.741158	0.733799	0.710419	0.737231	0.734008	0.724432	0.753725	0.735215	0.734508	0.739287	0.743296	0.724478	0.73432	0.732879	0.734632	0.73898	0.741588	0.733601	0.727513	0.727784	0.737723	0.736779	0.734397	1	0.735228	0.735259	0.730879	0.741761	0.745632	0.725708	0.738361	0.737439	0.732053	0.744953	0.735899	0.738899	0.735897	0.743308	0.742712	0.73956	0.745158	0.734223	0.736359	0.727346	0.733744	0.739033	0.728529	0.738173	0.743145	0.741214
0.732546	0.736558	0.737243	0.729709	0.736183	0.720317	0.741691	0.728994	0.73344	0.730763	0.740401	0.73991	0.728282	0.738981	0.73108	0.725364	0.732176	0.733945	0.730453	0.734078	0.742988	0.732403	0.735628	0.726255	0.729113	0.738366	0.735228	1	0.736023	0.73493	0.741098	0.740594	0.733425	0.73072	0.733827	0.729454	0.72863	0.733531	0.738014	0.744909	0.730488	0.723987	0.733215	0.723619	0.735429	0.738192	0.734377	0.733054	0.731432	0.732341	0.729028	0.739434	0.73475
0.734648	0.745684	0.738738	0.740195	0.733168	0.713565	0.738276	0.729198	0.733287	0.736904	0.734275	0.74039	0.738126	0.737751	0.741347	0.733403	0.732458	0.734877	0.742032	0.73405	0.736914	0.731051	0.73437	0.735692	0.734899	0.72927	0.735259	0.736023	1	0.725487	0.730753	0.73173	0.733727	0.739265	0.73346	0.730161	0.728495	0.735444	0.72795	0.728573	0.729288	0.741313	0.728979	0.738876	0.741628	0.732342	0.731633	0.738454	0.735673	0.731388	0.730597	0.741239	0.738849
0.738125	0.731784	0.73974	0.744277	0.738365	0.713513	0.732729	0.732549	0.733471	0.737982	0.723748	0.732789	0.733879	0.73536	0.73609	0.743776	0.72822	0.735207	0.733522	0.737744	0.72853	0.740992	0.730431	0.732046	0.73953	0.731398	0.730879	0.73493	0.725487	1	0.732673	0.735998	0.722794	0.720107	0.735178	0.739273	0.735295	0.737391	0.738377	0.742637	0.738871	0.736367	0.732163	0.733717	0.734634	0.719122	0.73354	0.72571	0.72753	0.737864	0.729558	0.729735	0.729004
0.731636	0.740039	0.742641	0.727601	0.737146	0.719516	0.738304	0.736079	0.737487	0.743175	0.733249	0.738138	0.731453	0.734109	0.72838	0.740497	0.737217	0.736161	0.721439	0.741855	0.73008	0.733683	0.732108	0.719537	0.741717	0.744792	0.741761	0.741098	0.730753	0.732673	1	0.738882	0.735032	0.739294	0.731676	0.735175	0.735625	0.736523	0.736812	0.744063	0.744927	0.740361	0.741703	0.737033	0.728713	0.735855	0.726577	0.729868	0.730403	0.733732	0.738144	0.746435	0.736247
0.749924	0.740921	0.742117	0.742167	0.745275	0.717291	0.735938	0.738284	0.729595	0.7453	0.737618	0.72938	0.721923	0.732867	0.743473	0.757083	0.744931	0.72715	0.733768	0.746083	0.731175	0.739494	0.733136	0.722744	0.735153	0.736982	0.745632	0.740594	0.73173	0.735998	0.738882	1	0.737824	0.734552	0.742421	0.735411	0.739622	0.73104	0.720487	0.748076	0.742756	0.734414	0.727602	0.73458	0.73414	0.738088	0.737176	0.726071	0.738035	0.732476	0.74214	0.728574	0.724623
0.731697	0.734585	0.731332	0.737258	0.729985	0.721102	0.741645	0.728967	0.741886	0.733805	0.736574	0.725439	0.732375	0.729158	0.743954	0.731604	0.736204	0.731464	0.72815	0.731566	0.742863	0.725888	0.737827	0.731181	0.731228	0.735776	0.725708	0.733425	0.733727	0.722794	0.735032	0.737824	1	0.735002	0.73716	0.738943	0.730931	0.724178	0.722332	0.736081	0.736717	0.740914	0.728257	0.732908	0.737829	0.739431	0.737018	0.730305	0.739185	0.728371	0.741496	0.737555	0.72886
0.735018	0.735414	0.736156	0.727861	0.723066	0.710709	0.732917	0.731183	0.735481	0.736832	0.737614	0.738323	0.743137	0.736117	0.721099	0.740143	0.735288	0.7456	0.727886	0.742504	0.734605	0.73485	0.739283	0.735377	0.731155	0.731384	0.738361	0.73072	0.739265	0.720107	0.739294	0.734552	0.735002	1	0.748622	0.733473	0.734039	0.749932	0.736161	0.730722	0.740649	0.734954	0.727065	0.73328	0.735081	0.740237	0.742225	0.726433	0.739382	0.728552	0.734249	0.73288	0.729547
0.746599	0.733186	0.733069	0.737255	0.727117	0.712625	0.730263	0.747878	0.740326	0.733063	0.731902	0.729656	0.740205	0.727325	0.73389	0.749552	0.741247	0.735652	0.736479	0.734969	0.73458	0.74053	0.731759	0.717729	0.73432	0.740556	0.737439	0.733827	0.73346	0.735178	0.731676	0.742421	0.73716	0.748622	1	0.737151	0.730532	0.737994	0.728513	0.741245	0.746738	0.736236	0.718614	0.740069	0.739749	0.742629	0.73664	0.72607	0.735316	0.740723	0.738755	0.738857	0.733068
0.733037	0.739918	0.732532	0.732317	0.727278	0.719222	0.735623	0.736468	0.73449	0.73554	0.727128	0.729432	0.739076	0.735571	0.731192	0.733572	0.732612	0.727191	0.736041	0.732158	0.735196	0.741377	0.729166	0.734139	0.737036	0.731075	0.732053	0.729454	0.730161	0.739273	0.735175	0.735411	0.738943	0.733473	0.737151	1	0.731265	0.734965	0.729728	0.731244	0.734897	0.737871	0.729786	0.729462	0.736357	0.735098	0.733573	0.739527	0.732117	0.7357	0.734166	0.740014	0.728496
0.73759	0.737552	0.729162	0.734154	0.747594	0.718493	0.73067	0.739123	0.728313	0.741244	0.732668	0.739413	0.743289	0.734238	0.726933	0.732399	0.73158	0.732278	0.727221	0.742234	0.729317	0.727934	0.742037	0.730839	0.730722	0.732222	0.744953	0.72863	0.728495	0.735295	0.735625	0.739622	0.730931	0.734039	0.730532	0.731265	1	0.73495	0.731827	0.738999	0.745665	0.735751	0.735129	0.745273	0.729951	0.737965	0.739528	0.734209	0.73125	0.733855	0.740914	0.735333	0.716076
0.737667	0.733804	0.749088	0.726933	0.730831	0.7178	0.739271	0.728711	0.738384	0.739273	0.737028	0.73735	0.731163	0.724305	0.73544	0.74468	0.736979	0.732304	0.718111	0.733805	0.738292	0.739683	0.733926	0.72912	0.730298	0.733275	0.735899	0.733531	0.735444	0.737391	0.736523	0.73104	0.724178	0.749932	0.737994	0.734965	0.73495	1	0.736996	0.737453	0.741272	0.736806	0.733399	0.733354	0.737262	0.736408	0.731109	0.735324	0.733306	0.736307	0.734335	0.73143	0.720651
0.729279	0.737924	0.740869	0.731662	0.729399	0.705738	0.739795	0.741059	0.732378	0.724833	0.726506	0.730886	0.733453	0.732893	0.735033	0.731612	0.735523	0.732686	0.739524	0.742401	0.733678	0.727842	0.732657	0.732782	0.736635	0.734264	0.738899	0.738014	0.72795	0.738377	0.736812	0.720487	0.722332	0.736161	0.728513	0.729728	0.731827	0.736996	1	0.740152	0.733149	0.731378	0.730475	0.728491	0.734951	0.733012	0.733056	0.728694	0.729328	0.727115	0.734939	0.730156	0.726639
0.741372	0.744555	0.735024	0.731895	0.740318	0.718986	0.733225	0.745917	0.741326	0.737081	0.737691	0.731372	0.73212	0.731578	0.739032	0.740277	0.737128	0.732223	0.734929	0.745968	0.731839	0.73731	0.73568	0.725791	0.737934	0.749689	0.735897	0.744909	0.728573	0.742637	0.744063	0.748076	0.736081	0.730722	0.741245	0.731244	0.738999	0.737453	0.740152	1	0.74279	0.733779	0.730616	0.739539	0.737047	0.737684	0.737066	0.728123	0.729284	0.732848	0.738401	0.74197	0.722154
0.735426	0.728387	0.740717	0.747797	0.728035	0.717634	0.732302	0.733799	0.731776	0.744494	0.734715	0.733564	0.736538	0.735019	0.733103	0.741359	0.738184	0.742289	0.733225	0.738933	0.732526	0.735108	0.732318	0.723688	0.733011	0.740569	0.743308	0.730488	0.729288	0.738871	0.744927	0.742756	0.736717	0.740649	0.746738	0.734897	0.745665	0.741272	0.733149	0.74279	1	0.730328	0.732375	0.744961	0.733842	0.739708	0.733202	0.731738	0.736159	0.742343	0.73284	0.730135	0.728493
0.736888	0.742045	0.736001	0.724775	0.726808	0.723515	0.74104	0.72737	0.727293	0.737452	0.727208	0.735847	0.737485	0.723244	0.743132	0.73227	0.723735	0.725935	0.732425	0.740086	0.73542	0.737048	0.744796	0.729645	0.735967	0.734767	0.742712	0.723987	0.741313	0.736367	0.740361	0.734414	0.740914	0.734954	0.736236	0.737871	0.735751	0.736806	0.731378	0.733779	0.730328	1	0.731155	0.742781	0.730927	0.729163	0.733902	0.737554	0.737082	0.732752	0.732249	0.740513	0.74645
0.732182	0.739991	0.729814	0.731708	0.739833	0.727373	0.734776	0.721978	0.731263	0.73346	0.742225	0.739253	0.737788	0.730941	0.733685	0.733369	0.736865	0.727672	0.735873	0.737211	0.747083	0.735744	0.74005	0.733191	0.732551	0.741211	0.73956	0.733215	0.728979	0.732163	0.741703	0.727602	0.728257	0.727065	0.718614	0.729786	0.735129	0.733399	0.730475	0.730616	0.732375	0.731155	1	0.724487	0.731309	0.73435	0.725314	0.752471	0.738422	0.723244	0.736416	0.734713	0.725081
0.74066	0.738775	0.732938	0.73672	0.744563	0.714453	0.739636	0.735396	0.734738	0.739639	0.722519	0.725055	0.740924	0.736199	0.733245	0.731695	0.734432	0.73778	0.735673	0.731725	0.736089	0.727052	0.726759	0.726999	0.729159	0.733774	0.745158	0.723619	0.738876	0.733717	0.737033	0.73458	0.732908	0.73328	0.740069	0.729462	0.745273	0.733354	0.728491	0.739539	0.744961	0.742781	0.724487	1	0.729608	0.736651	0.738595	0.736629	0.738866	0.73265	0.728129	0.735796	0.734064
0.729676	0.729099	0.735558	0.739912	0.738557	0.704703	0.73476	0.732402	0.738542	0.728936	0.72383	0.729599	0.731135	0.734181	0.732136	0.733062	0.741244	0.730001	0.731691	0.734195	0.738815	0.736419	0.726587	0.731711	0.726981	0.726914	0.734223	0.735429	0.741628	0.734634	0.728713	0.73414	0.737829	0.735081	0.739749	0.736357	0.729951	0.737262	0.734951	0.737047	0.733842	0.730927	0.731309	0.729608	1	0.734716	0.730693	0.730792	0.740294	0.743249	0.730301	0.739764	0.737773
0.733571	0.742166	0.731139	0.728603	0.742653	0.710102	0.741811	0.740244	0.744374	0.73273	0.734014	0.732545	0.734397	0.735704	0.732596	0.735286	0.7363	0.741501	0.731769	0.745564	0.736926	0.73808	0.741015	0.727822	0.728975	0.733556	0.736359	0.738192	0.732342	0.719122	0.735855	0.738088	0.739431	0.740237	0.742629	0.735098	0.737965	0.736408	0.733012	0.737684	0.739708	0.729163	0.73435	0.736651	0.734716	1	0.739462	0.741463	0.742601	0.726596	0.750848	0.740583	0.735844
0.73257	0.7341	0.729111	0.733434	0.732124	0.720278	0.731877	0.741615	0.727882	0.727544	0.730693	0.748693	0.724134	0.733041	0.742596	0.737633	0.725134	0.733656	0.73497	0.74167	0.736776	0.736182	0.737674	0.732873	0.739058	0.740535	0.727346	0.734377	0.731633	0.73354	0.726577	0.737176	0.737018	0.742225	0.73664	0.733573	0.739528	0.731109	0.733056	0.737066	0.733202	0.733902	0.725314	0.738595	0.730693	0.739462	1	0.740415	0.748033	0.735032	0.736261	0.73233	0.729318
0.73604	0.736272	0.72659	0.740435	0.731616	0.714612	0.741743	0.732028	0.739015	0.738783	0.738361	0.731322	0.735519	0.741121	0.74553	0.732435	0.732177	0.727034	0.736746	0.74144	0.741207	0.736882	0.732702	0.734038	0.733641	0.731027	0.733744	0.733054	0.738454	0.72571	0.729868	0.726071	0.730305	0.726433	0.72607	0.739527	0.734209	0.735324	0.728694	0.728123	0.731738	0.737554	0.752471	0.736629	0.730792	0.741463	0.740415	1	0.732522	0.735631	0.737734	0.731989	0.732062
0.734067	0.743111	0.728349	0.738298	0.730874	0.712891	0.742934	0.732603	0.731508	0.738902	0.733712	0.741289	0.736574	0.731022	0.739123	0.74462	0.723424	0.744646	0.724175	0.744082	0.726384	0.734141	0.732863	0.741688	0.745002	0.736708	0.739033	0.731432	0.735673	0.72753	0.730403	0.738035	0.739185	0.739382	0.735316	0.732117	0.73125	0.733306	0.729328	0.729284	0.736159	0.737082	0.738422	0.738866	0.740294	0.742601	0.748033	0.732522	1	0.732247	0.749214	0.737773	0.731606
0.726676	0.730301	0.738058	0.724482	0.729401	0.713824	0.730274	0.733902	0.726779	0.72194	0.7228	0.728438	0.731747	0.728393	0.726003	0.727128	0.735426	0.728924	0.729432	0.729782	0.733375	0.733824	0.720709	0.723882	0.725459	0.725945	0.728529	0.732341	0.731388	0.737864	0.733732	0.732476	0.728371	0.728552	0.740723	0.7357	0.733855	0.736307	0.727115	0.732848	0.742343	0.732752	0.723244	0.73265	0.743249	0.726596	0.735032	0.735631	0.732247	1	0.72726	0.72878	0.726192
0.736227	0.734999	0.733951	0.735444	0.745334	0.72105	0.740946	0.735658	0.73962	0.732461	0.733184	0.731974	0.737323	0.733956	0.73589	0.742514	0.739495	0.740813	0.73259	0.739827	0.729421	0.735094	0.745859	0.736555	0.730444	0.744893	0.738173	0.729028	0.730597	0.729558	0.738144	0.74214	0.741496	0.734249	0.738755	0.734166	0.740914	0.734335	0.734939	0.738401	0.73284	0.732249	0.736416	0.728129	0.730301	0.750848	0.736261	0.737734	0.749214	0.72726	1	0.745098	0.731772
0.742684	0.742954	0.737937	0.733984	0.738415	0.71915	0.734634	0.737387	0.73876	0.734697	0.738389	0.733031	0.741114	0.726321	0.724579	0.74141	0.742387	0.740387	0.730808	0.733808	0.7388	0.732491	0.728475	0.732261	0.732825	0.736548	0.743145	0.739434	0.741239	0.729735	0.746435	0.728574	0.737555	0.73288	0.738857	0.740014	0.735333	0.73143	0.730156	0.74197	0.730135	0.740513	0.734713	0.735796	0.739764	0.740583	0.73233	0.731989	0.737773	0.72878	0.745098	1	0.736825
0.732589	0.735671	0.729482	0.724867	0.727981	0.705208	0.736733	0.732248	0.732522	0.729356	0.727258	0.737201	0.728549	0.739048	0.738637	0.732202	0.734891	0.736984	0.733721	0.724811	0.730758	0.732195	0.737403	0.728182	0.735865	0.732485	0.741214	0.73475	0.738849	0.729004	0.736247	0.724623	0.72886	0.729547	0.733068	0.728496	0.716076	0.720651	0.726639	0.722154	0.728493	0.74645	0.725081	0.734064	0.737773	0.735844	0.729318	0.732062	0.731606	0.726192	0.731772	0.736825	1
