1	0.724116	0.730945	0.698633	0.69596	0.702612	0.733381	0.698719	0.698182	0.697547
0.724116	1	0.735516	0.699705	0.703885	0.699969	0.738345	0.707254	0.705473	0.703409
0.730945	0.735516	1	0.70679	0.705061	0.706829	0.732544	0.711054	0.707855	0.710898
0.698633	0.699705	0.70679	1	0.752785	0.760427	0.69774	0.759428	0.755956	0.746689
0.69596	0.703885	0.705061	0.752785	1	0.756724	0.703833	0.755972	0.761248	0.756981
0.702612	0.699969	0.706829	0.760427	0.756724	1	0.69951	0.764755	0.754839	0.750508
0.733381	0.738345	0.732544	0.69774	0.703833	0.69951	1	0.705734	0.703495	0.704172
0.698719	0.707254	0.711054	0.759428	0.755972	0.764755	0.705734	1	0.767671	0.755964
0.698182	0.705473	0.707855	0.755956	0.761248	0.754839	0.703495	0.767671	1	0.754386
0.697547	0.703409	0.710898	0.746689	0.756981	0.750508	0.704172	0.755964	0.754386	1
