1	0.721823	0.730603	0.722174	0.727254	0.729684	0.721858	0.728506	0.738992	0.728613	0.729675	0.736341	0.729064	0.721415	0.732218	0.729063	0.743515	0.718645	0.73386	0.730869	0.71966	0.725483	0.726067	0.734148	0.729301	0.736713	0.72423	0.724332	0.72613	0.725375	0.731068	0.733825	0.732366	0.722722	0.716021	0.729011	0.730576	0.727836	0.726704	0.732584	0.729418	0.73591	0.732802	0.726936	0.731194	0.733366	0.735418
0.721823	1	0.728699	0.716462	0.723637	0.723668	0.723028	0.722634	0.720342	0.722997	0.719517	0.721879	0.731583	0.72019	0.732135	0.728406	0.728512	0.723673	0.725339	0.721966	0.731241	0.716494	0.73168	0.732688	0.72724	0.735389	0.725065	0.727388	0.716197	0.73216	0.719944	0.731936	0.725328	0.733066	0.728286	0.725069	0.726434	0.733193	0.720784	0.72432	0.736886	0.721931	0.730864	0.728746	0.720768	0.730058	0.726179
0.730603	0.728699	1	0.722423	0.724931	0.724278	0.72511	0.728402	0.729717	0.730711	0.733856	0.727651	0.726451	0.730432	0.723647	0.731164	0.726703	0.724124	0.722534	0.728086	0.721006	0.726509	0.726932	0.724278	0.730588	0.719316	0.719386	0.725627	0.718263	0.724081	0.727699	0.729911	0.736665	0.723721	0.727472	0.736234	0.721885	0.726394	0.72816	0.727319	0.735366	0.724468	0.731979	0.736493	0.716812	0.728716	0.730291
0.722174	0.716462	0.722423	1	0.721714	0.716945	0.721117	0.720369	0.72214	0.721347	0.725851	0.721349	0.725409	0.723174	0.722925	0.730012	0.717662	0.723835	0.719639	0.725569	0.718098	0.71954	0.727871	0.726479	0.713981	0.726494	0.716161	0.728783	0.714191	0.714085	0.726085	0.719658	0.723397	0.721533	0.729657	0.722204	0.727909	0.723042	0.720381	0.721498	0.723052	0.718444	0.726495	0.724027	0.71678	0.717129	0.719618
0.727254	0.723637	0.724931	0.721714	1	0.721696	0.723215	0.722487	0.736477	0.721191	0.727236	0.721821	0.730707	0.72155	0.720127	0.720579	0.730118	0.727722	0.729043	0.730563	0.731277	0.725058	0.729462	0.724724	0.731461	0.717558	0.729124	0.727628	0.715427	0.732457	0.730601	0.728929	0.728981	0.733712	0.722917	0.732199	0.719701	0.726984	0.723581	0.728366	0.733481	0.728448	0.723004	0.728627	0.717361	0.722933	0.728549
0.729684	0.723668	0.724278	0.716945	0.721696	1	0.714642	0.724362	0.725902	0.724411	0.731338	0.727262	0.739346	0.73445	0.724225	0.723736	0.727158	0.726217	0.718301	0.731486	0.729373	0.73098	0.734852	0.730673	0.727428	0.735405	0.730073	0.735775	0.715265	0.726417	0.735671	0.728729	0.721534	0.732152	0.724848	0.722195	0.728444	0.733571	0.724377	0.72982	0.722951	0.737437	0.740989	0.725292	0.716686	0.72702	0.724785
0.721858	0.723028	0.72511	0.721117	0.723215	0.714642	1	0.716899	0.721634	0.725393	0.725512	0.717903	0.721273	0.723623	0.716486	0.722751	0.727212	0.717087	0.721662	0.722597	0.720487	0.722523	0.723639	0.723825	0.728016	0.718615	0.727051	0.719728	0.714207	0.72146	0.715736	0.731673	0.726436	0.717173	0.719796	0.72386	0.716469	0.722477	0.719576	0.722942	0.724689	0.723914	0.719343	0.721887	0.716039	0.720266	0.721281
0.728506	0.722634	0.728402	0.720369	0.722487	0.724362	0.716899	1	0.731613	0.727951	0.728589	0.726453	0.727456	0.725835	0.732808	0.721453	0.723761	0.726329	0.723395	0.721533	0.721889	0.714505	0.725008	0.73358	0.723192	0.729662	0.726868	0.725397	0.715091	0.724028	0.730605	0.723934	0.72764	0.719173	0.712766	0.724366	0.724522	0.725367	0.723637	0.723759	0.727549	0.733975	0.732703	0.723128	0.709273	0.730486	0.726914
0.738992	0.720342	0.729717	0.72214	0.736477	0.725902	0.721634	0.731613	1	0.723404	0.72705	0.72944	0.729225	0.72922	0.723074	0.726995	0.73631	0.724486	0.729129	0.728709	0.727995	0.724585	0.729486	0.729562	0.727898	0.7183	0.730233	0.733471	0.714198	0.726703	0.729177	0.729722	0.729541	0.723521	0.718078	0.731398	0.728638	0.727775	0.725188	0.732201	0.728462	0.743934	0.733173	0.729913	0.724264	0.720971	0.726807
0.728613	0.722997	0.730711	0.721347	0.721191	0.724411	0.725393	0.727951	0.723404	1	0.727522	0.725831	0.723736	0.724908	0.729286	0.730195	0.725134	0.726867	0.722152	0.727836	0.727983	0.730025	0.736809	0.732172	0.72908	0.720216	0.718133	0.722079	0.713942	0.726489	0.723593	0.728697	0.733344	0.722654	0.718668	0.737335	0.726923	0.730638	0.726774	0.737751	0.727154	0.729993	0.724589	0.725257	0.715115	0.730038	0.728181
0.729675	0.719517	0.733856	0.725851	0.727236	0.731338	0.725512	0.728589	0.72705	0.727522	1	0.735676	0.737714	0.72655	0.729618	0.727279	0.72964	0.72781	0.724642	0.72165	0.723737	0.726761	0.732412	0.734263	0.730774	0.725313	0.733571	0.729809	0.71378	0.732601	0.727779	0.728392	0.72719	0.725117	0.717535	0.731546	0.727635	0.725467	0.727677	0.73015	0.735148	0.737263	0.734865	0.741039	0.720317	0.726121	0.722835
0.736341	0.721879	0.727651	0.721349	0.721821	0.727262	0.717903	0.726453	0.72944	0.725831	0.735676	1	0.728527	0.723901	0.719777	0.725094	0.730931	0.721048	0.73437	0.732202	0.720914	0.728826	0.732663	0.728983	0.72858	0.728304	0.721096	0.728284	0.721095	0.725749	0.726139	0.727996	0.741096	0.720684	0.720369	0.720041	0.726068	0.728068	0.730757	0.729708	0.725996	0.736475	0.732622	0.726688	0.723432	0.727536	0.734378
0.729064	0.731583	0.726451	0.725409	0.730707	0.739346	0.721273	0.727456	0.729225	0.723736	0.737714	0.728527	1	0.732977	0.731473	0.733333	0.737494	0.736625	0.725107	0.728133	0.729293	0.733503	0.734111	0.734741	0.72789	0.732079	0.728178	0.734837	0.719061	0.727169	0.728432	0.721749	0.730192	0.727978	0.7233	0.729795	0.732985	0.727014	0.726366	0.729338	0.736822	0.732315	0.728824	0.733064	0.721482	0.736851	0.729897
0.721415	0.72019	0.730432	0.723174	0.72155	0.73445	0.723623	0.725835	0.72922	0.724908	0.72655	0.723901	0.732977	1	0.729694	0.731742	0.728857	0.721099	0.727624	0.729018	0.723163	0.730838	0.735243	0.728455	0.728315	0.72845	0.721162	0.737023	0.711549	0.721423	0.728133	0.727275	0.723791	0.724196	0.720366	0.724971	0.730474	0.729777	0.723508	0.718078	0.728099	0.731598	0.731054	0.728306	0.71011	0.723634	0.722097
0.732218	0.732135	0.723647	0.722925	0.720127	0.724225	0.716486	0.732808	0.723074	0.729286	0.729618	0.719777	0.731473	0.729694	1	0.71929	0.721923	0.728474	0.72828	0.719264	0.728778	0.724332	0.732154	0.731199	0.730167	0.731607	0.726365	0.730354	0.712283	0.730501	0.728427	0.727379	0.726133	0.726641	0.723556	0.728948	0.727609	0.72784	0.727516	0.726851	0.735944	0.733704	0.73795	0.726333	0.719294	0.73118	0.72674
0.729063	0.728406	0.731164	0.730012	0.720579	0.723736	0.722751	0.721453	0.726995	0.730195	0.727279	0.725094	0.733333	0.731742	0.71929	1	0.728655	0.729242	0.725571	0.731517	0.723398	0.73021	0.735362	0.727501	0.727998	0.731245	0.723295	0.724489	0.719212	0.715521	0.725644	0.728212	0.726539	0.721876	0.716215	0.733749	0.726696	0.725546	0.724416	0.729365	0.739465	0.726103	0.734895	0.730294	0.721303	0.727884	0.717615
0.743515	0.728512	0.726703	0.717662	0.730118	0.727158	0.727212	0.723761	0.73631	0.725134	0.72964	0.730931	0.737494	0.728857	0.721923	0.728655	1	0.731147	0.739245	0.726203	0.726798	0.731423	0.734894	0.730773	0.722228	0.726978	0.735456	0.731649	0.723294	0.737797	0.728074	0.73153	0.730339	0.727858	0.719201	0.734002	0.72598	0.731381	0.723218	0.737935	0.729583	0.728634	0.726449	0.731654	0.723937	0.731877	0.727262
0.718645	0.723673	0.724124	0.723835	0.727722	0.726217	0.717087	0.726329	0.724486	0.726867	0.72781	0.721048	0.736625	0.721099	0.728474	0.729242	0.731147	1	0.721393	0.722604	0.736134	0.723723	0.726473	0.722939	0.7276	0.716549	0.724035	0.72326	0.723405	0.721344	0.725894	0.719879	0.728348	0.728367	0.720963	0.729851	0.729019	0.724498	0.724266	0.728391	0.735215	0.724924	0.725081	0.731595	0.719606	0.726146	0.72184
0.73386	0.725339	0.722534	0.719639	0.729043	0.718301	0.721662	0.723395	0.729129	0.722152	0.724642	0.73437	0.725107	0.727624	0.72828	0.725571	0.739245	0.721393	1	0.725865	0.724888	0.726489	0.723613	0.731217	0.722427	0.731489	0.722316	0.725212	0.720579	0.72396	0.725944	0.726547	0.732563	0.728754	0.714056	0.73064	0.735371	0.730365	0.721114	0.724977	0.732237	0.733441	0.728054	0.721595	0.723865	0.735329	0.724848
0.730869	0.721966	0.728086	0.725569	0.730563	0.731486	0.722597	0.721533	0.728709	0.727836	0.72165	0.732202	0.728133	0.729018	0.719264	0.731517	0.726203	0.722604	0.725865	1	0.726385	0.723251	0.726216	0.724725	0.727702	0.728599	0.725695	0.725367	0.722108	0.717282	0.725479	0.724975	0.728194	0.730378	0.721787	0.728907	0.726034	0.724848	0.725426	0.726423	0.730664	0.729676	0.725638	0.721316	0.708922	0.723295	0.736679
0.71966	0.731241	0.721006	0.718098	0.731277	0.729373	0.720487	0.721889	0.727995	0.727983	0.723737	0.720914	0.729293	0.723163	0.728778	0.723398	0.726798	0.736134	0.724888	0.726385	1	0.726879	0.731659	0.730291	0.730954	0.724252	0.728662	0.731345	0.710331	0.72784	0.718851	0.727593	0.7283	0.72401	0.729262	0.72957	0.725055	0.733614	0.721223	0.722102	0.730375	0.735458	0.725777	0.724365	0.714567	0.731401	0.731683
0.725483	0.716494	0.726509	0.71954	0.725058	0.73098	0.722523	0.714505	0.724585	0.730025	0.726761	0.728826	0.733503	0.730838	0.724332	0.73021	0.731423	0.723723	0.726489	0.723251	0.726879	1	0.728773	0.726309	0.724276	0.725035	0.720499	0.718339	0.708859	0.723765	0.718947	0.728915	0.7309	0.719913	0.729794	0.726726	0.722183	0.725435	0.732764	0.727902	0.729374	0.723889	0.72066	0.723586	0.719039	0.726757	0.725548
0.726067	0.73168	0.726932	0.727871	0.729462	0.734852	0.723639	0.725008	0.729486	0.736809	0.732412	0.732663	0.734111	0.735243	0.732154	0.735362	0.734894	0.726473	0.723613	0.726216	0.731659	0.728773	1	0.732776	0.733801	0.7361	0.740197	0.734595	0.721417	0.731909	0.734311	0.726543	0.724739	0.74125	0.730035	0.733013	0.736031	0.736854	0.721049	0.729702	0.736159	0.730859	0.730179	0.733285	0.724857	0.737975	0.73095
0.734148	0.732688	0.724278	0.726479	0.724724	0.730673	0.723825	0.73358	0.729562	0.732172	0.734263	0.728983	0.734741	0.728455	0.731199	0.727501	0.730773	0.722939	0.731217	0.724725	0.730291	0.726309	0.732776	1	0.726616	0.729113	0.726923	0.730059	0.717231	0.723574	0.729262	0.738739	0.72826	0.729665	0.728393	0.729512	0.728502	0.729148	0.725503	0.726518	0.731419	0.731261	0.733779	0.731934	0.726186	0.730514	0.730019
0.729301	0.72724	0.730588	0.713981	0.731461	0.727428	0.728016	0.723192	0.727898	0.72908	0.730774	0.72858	0.72789	0.728315	0.730167	0.727998	0.722228	0.7276	0.722427	0.727702	0.730954	0.724276	0.733801	0.726616	1	0.724699	0.727689	0.720016	0.717304	0.729413	0.726548	0.727291	0.732231	0.724461	0.719732	0.73085	0.731203	0.731934	0.725631	0.730394	0.740057	0.738748	0.735027	0.73511	0.720121	0.735426	0.727848
0.736713	0.735389	0.719316	0.726494	0.717558	0.735405	0.718615	0.729662	0.7183	0.720216	0.725313	0.728304	0.732079	0.72845	0.731607	0.731245	0.726978	0.716549	0.731489	0.728599	0.724252	0.725035	0.7361	0.729113	0.724699	1	0.729906	0.73625	0.716104	0.72234	0.726061	0.722839	0.723518	0.731053	0.719757	0.720247	0.726807	0.741851	0.732401	0.724856	0.722688	0.724874	0.731184	0.727924	0.715989	0.734787	0.721115
0.72423	0.725065	0.719386	0.716161	0.729124	0.730073	0.727051	0.726868	0.730233	0.718133	0.733571	0.721096	0.728178	0.721162	0.726365	0.723295	0.735456	0.724035	0.722316	0.725695	0.728662	0.720499	0.740197	0.726923	0.727689	0.729906	1	0.73104	0.719433	0.728468	0.730082	0.730442	0.725416	0.730984	0.719931	0.720605	0.724783	0.726049	0.721288	0.726275	0.732903	0.735953	0.731965	0.729336	0.715	0.723018	0.730998
0.724332	0.727388	0.725627	0.728783	0.727628	0.735775	0.719728	0.725397	0.733471	0.722079	0.729809	0.728284	0.734837	0.737023	0.730354	0.724489	0.731649	0.72326	0.725212	0.725367	0.731345	0.718339	0.734595	0.730059	0.720016	0.73625	0.73104	1	0.720431	0.727038	0.72926	0.721109	0.733698	0.723346	0.722145	0.733886	0.729105	0.730327	0.727175	0.724347	0.731701	0.730606	0.731841	0.730739	0.718612	0.72604	0.73461
0.72613	0.716197	0.718263	0.714191	0.715427	0.715265	0.714207	0.715091	0.714198	0.713942	0.71378	0.721095	0.719061	0.711549	0.712283	0.719212	0.723294	0.723405	0.720579	0.722108	0.710331	0.708859	0.721417	0.717231	0.717304	0.716104	0.719433	0.720431	1	0.716687	0.719117	0.708966	0.717591	0.712249	0.709829	0.714389	0.715136	0.72122	0.715711	0.724495	0.722885	0.714911	0.712915	0.717958	0.758066	0.721089	0.7199
0.725375	0.73216	0.724081	0.714085	0.732457	0.726417	0.72146	0.724028	0.726703	0.726489	0.732601	0.725749	0.727169	0.721423	0.730501	0.715521	0.737797	0.721344	0.72396	0.717282	0.72784	0.723765	0.731909	0.723574	0.729413	0.72234	0.728468	0.727038	0.716687	1	0.731689	0.728378	0.730713	0.733089	0.712641	0.723437	0.728092	0.730736	0.720506	0.736662	0.7278	0.726418	0.724	0.732502	0.716802	0.738249	0.729046
0.731068	0.719944	0.727699	0.726085	0.730601	0.735671	0.715736	0.730605	0.729177	0.723593	0.727779	0.726139	0.728432	0.728133	0.728427	0.725644	0.728074	0.725894	0.725944	0.725479	0.718851	0.718947	0.734311	0.729262	0.726548	0.726061	0.730082	0.72926	0.719117	0.731689	1	0.722463	0.728657	0.732543	0.720519	0.722041	0.731268	0.726403	0.733086	0.728281	0.730085	0.726573	0.731238	0.726325	0.72094	0.727558	0.724754
0.733825	0.731936	0.729911	0.719658	0.728929	0.728729	0.731673	0.723934	0.729722	0.728697	0.728392	0.727996	0.721749	0.727275	0.727379	0.728212	0.73153	0.719879	0.726547	0.724975	0.727593	0.728915	0.726543	0.738739	0.727291	0.722839	0.730442	0.721109	0.708966	0.728378	0.722463	1	0.730755	0.731322	0.72652	0.736521	0.733598	0.728743	0.731115	0.729181	0.733412	0.739916	0.737516	0.728244	0.718406	0.738443	0.726206
0.732366	0.725328	0.736665	0.723397	0.728981	0.721534	0.726436	0.72764	0.729541	0.733344	0.72719	0.741096	0.730192	0.723791	0.726133	0.726539	0.730339	0.728348	0.732563	0.728194	0.7283	0.7309	0.724739	0.72826	0.732231	0.723518	0.725416	0.733698	0.717591	0.730713	0.728657	0.730755	1	0.727584	0.725408	0.738703	0.723507	0.734196	0.728115	0.740453	0.732819	0.730803	0.729701	0.729072	0.718261	0.729765	0.741432
0.722722	0.733066	0.723721	0.721533	0.733712	0.732152	0.717173	0.719173	0.723521	0.722654	0.725117	0.720684	0.727978	0.724196	0.726641	0.721876	0.727858	0.728367	0.728754	0.730378	0.72401	0.719913	0.74125	0.729665	0.724461	0.731053	0.730984	0.723346	0.712249	0.733089	0.732543	0.731322	0.727584	1	0.731753	0.719623	0.730923	0.728302	0.722486	0.736266	0.722204	0.722306	0.729177	0.724505	0.716556	0.734689	0.733768
0.716021	0.728286	0.727472	0.729657	0.722917	0.724848	0.719796	0.712766	0.718078	0.718668	0.717535	0.720369	0.7233	0.720366	0.723556	0.716215	0.719201	0.720963	0.714056	0.721787	0.729262	0.729794	0.730035	0.728393	0.719732	0.719757	0.719931	0.722145	0.709829	0.712641	0.720519	0.72652	0.725408	0.731753	1	0.726174	0.72059	0.725507	0.726283	0.730947	0.731909	0.725392	0.720668	0.721448	0.711518	0.719362	0.71758
0.729011	0.725069	0.736234	0.722204	0.732199	0.722195	0.72386	0.724366	0.731398	0.737335	0.731546	0.720041	0.729795	0.724971	0.728948	0.733749	0.734002	0.729851	0.73064	0.728907	0.72957	0.726726	0.733013	0.729512	0.73085	0.720247	0.720605	0.733886	0.714389	0.723437	0.722041	0.736521	0.738703	0.719623	0.726174	1	0.732129	0.726551	0.73697	0.737288	0.743538	0.737148	0.729126	0.730926	0.717472	0.729645	0.730398
0.730576	0.726434	0.721885	0.727909	0.719701	0.728444	0.716469	0.724522	0.728638	0.726923	0.727635	0.726068	0.732985	0.730474	0.727609	0.726696	0.72598	0.729019	0.735371	0.726034	0.725055	0.722183	0.736031	0.728502	0.731203	0.726807	0.724783	0.729105	0.715136	0.728092	0.731268	0.733598	0.723507	0.730923	0.72059	0.732129	1	0.727956	0.724975	0.720891	0.733749	0.777076	0.72752	0.734913	0.710241	0.732174	0.726182
0.727836	0.733193	0.726394	0.723042	0.726984	0.733571	0.722477	0.725367	0.727775	0.730638	0.725467	0.728068	0.727014	0.729777	0.72784	0.725546	0.731381	0.724498	0.730365	0.724848	0.733614	0.725435	0.736854	0.729148	0.731934	0.741851	0.726049	0.730327	0.72122	0.730736	0.726403	0.728743	0.734196	0.728302	0.725507	0.726551	0.727956	1	0.729048	0.736856	0.728363	0.725209	0.73272	0.730228	0.716673	0.738094	0.724701
0.726704	0.720784	0.72816	0.720381	0.723581	0.724377	0.719576	0.723637	0.725188	0.726774	0.727677	0.730757	0.726366	0.723508	0.727516	0.724416	0.723218	0.724266	0.721114	0.725426	0.721223	0.732764	0.721049	0.725503	0.725631	0.732401	0.721288	0.727175	0.715711	0.720506	0.733086	0.731115	0.728115	0.722486	0.726283	0.73697	0.724975	0.729048	1	0.733544	0.734268	0.724087	0.72495	0.723445	0.710332	0.730177	0.726415
0.732584	0.72432	0.727319	0.721498	0.728366	0.72982	0.722942	0.723759	0.732201	0.737751	0.73015	0.729708	0.729338	0.718078	0.726851	0.729365	0.737935	0.728391	0.724977	0.726423	0.722102	0.727902	0.729702	0.726518	0.730394	0.724856	0.726275	0.724347	0.724495	0.736662	0.728281	0.729181	0.740453	0.736266	0.730947	0.737288	0.720891	0.736856	0.733544	1	0.730048	0.727185	0.724292	0.730112	0.718132	0.738714	0.73059
0.729418	0.736886	0.735366	0.723052	0.733481	0.722951	0.724689	0.727549	0.728462	0.727154	0.735148	0.725996	0.736822	0.728099	0.735944	0.739465	0.729583	0.735215	0.732237	0.730664	0.730375	0.729374	0.736159	0.731419	0.740057	0.722688	0.732903	0.731701	0.722885	0.7278	0.730085	0.733412	0.732819	0.722204	0.731909	0.743538	0.733749	0.728363	0.734268	0.730048	1	0.733181	0.737201	0.740082	0.716288	0.731471	0.728672
0.73591	0.721931	0.724468	0.718444	0.728448	0.737437	0.723914	0.733975	0.743934	0.729993	0.737263	0.736475	0.732315	0.731598	0.733704	0.726103	0.728634	0.724924	0.733441	0.729676	0.735458	0.723889	0.730859	0.731261	0.738748	0.724874	0.735953	0.730606	0.714911	0.726418	0.726573	0.739916	0.730803	0.722306	0.725392	0.737148	0.777076	0.725209	0.724087	0.727185	0.733181	1	0.739989	0.726493	0.720793	0.725172	0.727707
0.732802	0.730864	0.731979	0.726495	0.723004	0.740989	0.719343	0.732703	0.733173	0.724589	0.734865	0.732622	0.728824	0.731054	0.73795	0.734895	0.726449	0.725081	0.728054	0.725638	0.725777	0.72066	0.730179	0.733779	0.735027	0.731184	0.731965	0.731841	0.712915	0.724	0.731238	0.737516	0.729701	0.729177	0.720668	0.729126	0.72752	0.73272	0.72495	0.724292	0.737201	0.739989	1	0.731712	0.724013	0.736221	0.725959
0.726936	0.728746	0.736493	0.724027	0.728627	0.725292	0.721887	0.723128	0.729913	0.725257	0.741039	0.726688	0.733064	0.728306	0.726333	0.730294	0.731654	0.731595	0.721595	0.721316	0.724365	0.723586	0.733285	0.731934	0.73511	0.727924	0.729336	0.730739	0.717958	0.732502	0.726325	0.728244	0.729072	0.724505	0.721448	0.730926	0.734913	0.730228	0.723445	0.730112	0.740082	0.726493	0.731712	1	0.718621	0.729779	0.722089
0.731194	0.720768	0.716812	0.71678	0.717361	0.716686	0.716039	0.709273	0.724264	0.715115	0.720317	0.723432	0.721482	0.71011	0.719294	0.721303	0.723937	0.719606	0.723865	0.708922	0.714567	0.719039	0.724857	0.726186	0.720121	0.715989	0.715	0.718612	0.758066	0.716802	0.72094	0.718406	0.718261	0.716556	0.711518	0.717472	0.710241	0.716673	0.710332	0.718132	0.716288	0.720793	0.724013	0.718621	1	0.717176	0.717966
0.733366	0.730058	0.728716	0.717129	0.722933	0.72702	0.720266	0.730486	0.720971	0.730038	0.726121	0.727536	0.736851	0.723634	0.73118	0.727884	0.731877	0.726146	0.735329	0.723295	0.731401	0.726757	0.737975	0.730514	0.735426	0.734787	0.723018	0.72604	0.721089	0.738249	0.727558	0.738443	0.729765	0.734689	0.719362	0.729645	0.732174	0.738094	0.730177	0.738714	0.731471	0.725172	0.736221	0.729779	0.717176	1	0.729676
0.735418	0.726179	0.730291	0.719618	0.728549	0.724785	0.721281	0.726914	0.726807	0.728181	0.722835	0.734378	0.729897	0.722097	0.72674	0.717615	0.727262	0.72184	0.724848	0.736679	0.731683	0.725548	0.73095	0.730019	0.727848	0.721115	0.730998	0.73461	0.7199	0.729046	0.724754	0.726206	0.741432	0.733768	0.71758	0.730398	0.726182	0.724701	0.726415	0.73059	0.728672	0.727707	0.725959	0.722089	0.717966	0.729676	1
