1	0.711253	0.734079	0.741672	0.733731	0.738467	0.714961	0.711589	0.740845	0.709103	0.711282	0.706821	0.71198	0.732831	0.739671	0.710751	0.708543	0.707365	0.707105	0.749873	0.739968	0.709689	0.740919	0.71294	0.711079	0.705947	0.714795	0.747436	0.740814	0.73299	0.709434	0.712443	0.707061	0.712735	0.743789	0.709341	0.710081	0.740455	0.753928	0.731441	0.745058	0.742529	0.711642	0.713297	0.709891	0.731699	0.709309	0.709203	0.737185	0.737878	0.745414	0.740683	0.711345	0.710145	0.710808	0.748112	0.735445	0.709927	0.706302	0.707909	0.710913	0.712861	0.712514	0.708733	0.735882	0.737372	0.736696	0.74235	0.745024	0.743861	0.734584	0.72815	0.711626	0.709455	0.740615	0.712141	0.708509	0.713444	0.709962	0.712495	0.709989	0.708276	0.708044	0.711321	0.742412	0.739055	0.738076	0.743891	0.740799	0.7474	0.743995	0.738135	0.708785	0.742204	0.744598	0.707749	0.746746	0.709194	0.716065	0.710055
0.711253	1	0.705655	0.713594	0.70622	0.71562	0.760964	0.762911	0.715046	0.764286	0.75615	0.740526	0.756941	0.709471	0.712502	0.755513	0.764641	0.765176	0.763926	0.711658	0.709991	0.74959	0.715636	0.760042	0.760074	0.75611	0.810515	0.711944	0.707974	0.715023	0.761094	0.756618	0.757549	0.763969	0.710977	0.761589	0.758095	0.711132	0.71219	0.707637	0.709046	0.711099	0.756397	0.749399	0.759136	0.707643	0.756558	0.760261	0.707097	0.7128	0.711092	0.712892	0.755371	0.757334	0.760248	0.709085	0.710931	0.754562	0.771132	0.754506	0.757606	0.767929	0.755355	0.760004	0.711599	0.699847	0.711309	0.713806	0.714198	0.710252	0.711152	0.706084	0.760058	0.752244	0.710991	0.763273	0.757832	0.75933	0.75496	0.76271	0.752888	0.75611	0.75509	0.758227	0.708865	0.713309	0.715899	0.711015	0.710108	0.710544	0.714307	0.707616	0.75655	0.697553	0.707548	0.749592	0.708712	0.758939	0.764683	0.755733
0.734079	0.705655	1	0.740548	0.729306	0.73589	0.7052	0.705259	0.73604	0.701777	0.70442	0.69826	0.70473	0.735219	0.734836	0.703008	0.701287	0.703497	0.700697	0.732954	0.735508	0.698031	0.732212	0.706361	0.704412	0.702875	0.707224	0.734399	0.743933	0.732549	0.700539	0.706301	0.703311	0.705643	0.744363	0.703849	0.704279	0.740752	0.740271	0.737468	0.73768	0.734579	0.706858	0.699739	0.700942	0.743493	0.7089	0.706121	0.729451	0.744077	0.744708	0.739592	0.703996	0.703018	0.70985	0.747435	0.737217	0.706274	0.706616	0.701746	0.704159	0.704565	0.704542	0.704942	0.739725	0.728732	0.744069	0.732512	0.744078	0.737884	0.74528	0.740689	0.70475	0.704907	0.737467	0.707783	0.705796	0.708661	0.708205	0.703822	0.707986	0.700732	0.70374	0.703633	0.739211	0.745397	0.733345	0.73677	0.748837	0.734631	0.74317	0.740571	0.706475	0.733133	0.742157	0.699606	0.738445	0.707633	0.702092	0.703958
0.741672	0.713594	0.740548	1	0.73384	0.736447	0.712364	0.715167	0.735696	0.71274	0.712303	0.703711	0.712826	0.735972	0.739569	0.710062	0.706845	0.711257	0.710812	0.741119	0.741799	0.710619	0.745061	0.713172	0.710403	0.712598	0.71502	0.739126	0.738295	0.741543	0.70886	0.712801	0.712181	0.713881	0.735729	0.709121	0.713433	0.742373	0.737757	0.736759	0.734298	0.739816	0.712756	0.712047	0.711425	0.732924	0.715146	0.716306	0.738024	0.738635	0.735894	0.741952	0.714512	0.71215	0.717167	0.731457	0.730905	0.710252	0.713354	0.707721	0.711457	0.713588	0.712116	0.713319	0.737109	0.729736	0.73552	0.739046	0.741137	0.747923	0.735502	0.739005	0.713703	0.713878	0.747523	0.714321	0.715603	0.717598	0.713102	0.710673	0.711412	0.711646	0.710385	0.709214	0.734053	0.737946	0.739501	0.738873	0.746498	0.73636	0.743351	0.747289	0.711199	0.728477	0.740062	0.711113	0.741609	0.711377	0.709775	0.712807
0.733731	0.70622	0.729306	0.73384	1	0.733272	0.705022	0.712453	0.728731	0.707561	0.70654	0.698882	0.707742	0.732808	0.731916	0.701899	0.706116	0.707603	0.702977	0.733997	0.733112	0.704074	0.737506	0.70859	0.710619	0.702482	0.708492	0.733042	0.737251	0.734873	0.704359	0.705745	0.705471	0.708415	0.734985	0.706574	0.705245	0.741385	0.729438	0.736483	0.73174	0.737562	0.705254	0.70969	0.704556	0.730165	0.706987	0.707922	0.731702	0.73952	0.73794	0.726056	0.707251	0.707294	0.709616	0.738503	0.727868	0.709441	0.706988	0.70798	0.709656	0.704085	0.709846	0.706193	0.740063	0.726023	0.726073	0.737686	0.731529	0.7353	0.733712	0.7412	0.708276	0.708818	0.734055	0.709174	0.709263	0.706064	0.708116	0.70621	0.707773	0.705796	0.706878	0.704931	0.739925	0.734697	0.732025	0.73332	0.734942	0.730689	0.738185	0.735626	0.705442	0.728567	0.729093	0.70304	0.731757	0.707788	0.70735	0.707537
0.738467	0.71562	0.73589	0.736447	0.733272	1	0.714048	0.713273	0.733177	0.712788	0.712996	0.704499	0.71241	0.734206	0.733881	0.70643	0.710989	0.711079	0.712455	0.747513	0.732842	0.710833	0.738701	0.713348	0.710331	0.709347	0.715993	0.733644	0.742362	0.733136	0.710921	0.714531	0.710965	0.714293	0.732439	0.713173	0.708393	0.732395	0.741142	0.740084	0.740386	0.742263	0.713703	0.711538	0.710782	0.742721	0.713748	0.717908	0.73683	0.741019	0.736306	0.74273	0.715122	0.711917	0.715545	0.729984	0.740208	0.713789	0.710528	0.709022	0.70769	0.710289	0.713021	0.713683	0.739126	0.727143	0.743468	0.741902	0.740387	0.740659	0.745116	0.734768	0.711601	0.714398	0.743533	0.715599	0.711288	0.716528	0.716855	0.714974	0.713703	0.710326	0.708122	0.70951	0.732067	0.738513	0.735101	0.739844	0.744639	0.740315	0.734855	0.739763	0.715495	0.729068	0.734653	0.709279	0.739978	0.713404	0.714241	0.709188
0.714961	0.760964	0.7052	0.712364	0.705022	0.714048	1	0.758176	0.715747	0.757392	0.760188	0.752197	0.761804	0.711008	0.71256	0.759827	0.755968	0.765632	0.752659	0.713786	0.709537	0.763441	0.715407	0.760616	0.76022	0.769021	0.760483	0.711509	0.710179	0.71505	0.757737	0.754355	0.757038	0.761091	0.708309	0.759231	0.756649	0.712854	0.714206	0.706487	0.706968	0.709501	0.753456	0.762546	0.765443	0.706411	0.760422	0.760917	0.707701	0.713861	0.716444	0.712679	0.758811	0.767171	0.754321	0.712988	0.711827	0.761966	0.762893	0.757137	0.757982	0.755795	0.761396	0.76007	0.711374	0.699852	0.713569	0.711252	0.715896	0.71349	0.715213	0.705914	0.756476	0.759909	0.710588	0.765923	0.751186	0.763802	0.76182	0.760737	0.75241	0.763791	0.756351	0.758333	0.709446	0.713691	0.712278	0.710347	0.709454	0.710923	0.713028	0.713527	0.764587	0.698037	0.715391	0.752944	0.712237	0.75752	0.764853	0.758355
0.711589	0.762911	0.705259	0.715167	0.712453	0.713273	0.758176	1	0.714895	0.75234	0.755041	0.736785	0.758998	0.711943	0.711206	0.753101	0.751114	0.760693	0.757442	0.710349	0.71236	0.752909	0.714826	0.745266	0.757769	0.749744	0.759233	0.716398	0.708776	0.718725	0.763507	0.75316	0.748948	0.75057	0.710707	0.7538	0.758097	0.710477	0.708644	0.705494	0.708553	0.71388	0.748954	0.751406	0.752141	0.711003	0.761292	0.753939	0.710066	0.712987	0.711246	0.711644	0.759123	0.760747	0.761325	0.710822	0.711506	0.764237	0.763773	0.753844	0.758465	0.755524	0.754564	0.752092	0.711975	0.700755	0.712411	0.713313	0.714222	0.714438	0.71143	0.707243	0.769984	0.762366	0.711571	0.757116	0.762297	0.758288	0.752401	0.75525	0.758013	0.753742	0.751641	0.7494	0.707561	0.714014	0.712523	0.712429	0.71144	0.712394	0.707991	0.711092	0.750866	0.695777	0.712735	0.759522	0.709712	0.756429	0.760046	0.752604
0.740845	0.715046	0.73604	0.735696	0.728731	0.733177	0.715747	0.714895	1	0.713298	0.712124	0.705515	0.714971	0.726046	0.735766	0.708136	0.70903	0.713909	0.711454	0.737412	0.736107	0.711018	0.742607	0.71462	0.714168	0.711343	0.710893	0.738796	0.750648	0.745328	0.711847	0.715203	0.713109	0.712977	0.736308	0.71336	0.713126	0.735291	0.73822	0.738752	0.730246	0.743102	0.71368	0.713253	0.713777	0.741082	0.715529	0.711765	0.742387	0.746193	0.742052	0.738827	0.71278	0.713618	0.714696	0.746955	0.74094	0.713222	0.710486	0.711548	0.710189	0.713041	0.712832	0.710244	0.746864	0.726976	0.737758	0.746754	0.739989	0.733589	0.74363	0.736566	0.711564	0.711559	0.734055	0.716851	0.710758	0.715109	0.717526	0.712397	0.711735	0.71122	0.710698	0.711554	0.740413	0.744771	0.735944	0.741191	0.734589	0.748865	0.751936	0.736613	0.712373	0.72814	0.738487	0.711946	0.736492	0.712483	0.71203	0.710038
0.709103	0.764286	0.701777	0.71274	0.707561	0.712788	0.757392	0.75234	0.713298	1	0.769941	0.726796	0.752834	0.714382	0.706933	0.757848	0.75211	0.768175	0.750615	0.709918	0.710075	0.75395	0.713744	0.762479	0.768442	0.757805	0.754204	0.711179	0.704466	0.711396	0.749576	0.761225	0.76324	0.753912	0.704756	0.759005	0.750765	0.709668	0.709381	0.704476	0.702157	0.708944	0.751834	0.759887	0.761261	0.7038	0.75994	0.762912	0.704412	0.710657	0.708585	0.712014	0.752262	0.761985	0.765433	0.71099	0.709966	0.750426	0.763838	0.759191	0.75117	0.75937	0.754395	0.756446	0.711191	0.69767	0.711795	0.710483	0.711894	0.71191	0.710219	0.706988	0.749963	0.754188	0.705384	0.754172	0.768722	0.748056	0.753894	0.75869	0.761862	0.751217	0.755519	0.761802	0.704159	0.711743	0.711017	0.709367	0.707365	0.710089	0.710177	0.710837	0.759889	0.695051	0.710819	0.747263	0.706727	0.757935	0.756505	0.74831
0.711282	0.75615	0.70442	0.712303	0.70654	0.712996	0.760188	0.755041	0.712124	0.769941	1	0.735487	0.749996	0.7099	0.712202	0.755249	0.756188	0.755965	0.752477	0.710152	0.714126	0.757286	0.714561	0.754031	0.766411	0.758697	0.756451	0.713444	0.710385	0.716815	0.766325	0.753534	0.750754	0.757643	0.711649	0.753715	0.755854	0.71284	0.714219	0.705919	0.709859	0.710235	0.760919	0.761907	0.763885	0.709336	0.767526	0.75662	0.710398	0.714769	0.712696	0.71617	0.758562	0.756042	0.760664	0.710103	0.711165	0.759492	0.766979	0.753032	0.746914	0.750397	0.75024	0.76906	0.710077	0.699712	0.709445	0.713128	0.713198	0.716016	0.711109	0.707357	0.753694	0.752456	0.709934	0.762091	0.75099	0.750176	0.761671	0.766256	0.760852	0.764242	0.754631	0.75423	0.707984	0.713961	0.71375	0.714872	0.709904	0.71369	0.711911	0.708738	0.753471	0.697673	0.713077	0.752153	0.709142	0.767087	0.760815	0.751509
0.706821	0.740526	0.69826	0.703711	0.698882	0.704499	0.752197	0.736785	0.705515	0.726796	0.735487	1	0.741532	0.702704	0.707222	0.738569	0.742396	0.739606	0.745265	0.703387	0.703296	0.745459	0.704294	0.739106	0.73313	0.740871	0.74498	0.704058	0.700501	0.705098	0.732862	0.736334	0.734376	0.739329	0.70031	0.74229	0.745579	0.70224	0.706051	0.698293	0.701616	0.703096	0.742574	0.738609	0.740623	0.700665	0.74729	0.735054	0.700739	0.708319	0.702581	0.706416	0.743883	0.737979	0.737739	0.70416	0.699927	0.74309	0.741313	0.74457	0.735309	0.736957	0.742611	0.742267	0.701036	0.698068	0.70297	0.702426	0.702317	0.703912	0.706805	0.699686	0.741603	0.730583	0.698729	0.742453	0.741369	0.746795	0.75007	0.73849	0.729898	0.734594	0.743657	0.738604	0.698603	0.705135	0.705139	0.706308	0.700183	0.702448	0.701986	0.700607	0.73684	0.695241	0.707762	0.73768	0.706883	0.744636	0.743113	0.730532
0.71198	0.756941	0.70473	0.712826	0.707742	0.71241	0.761804	0.758998	0.714971	0.752834	0.749996	0.741532	1	0.711679	0.708703	0.752019	0.759229	0.759497	0.759214	0.708985	0.708174	0.757604	0.714213	0.749908	0.759963	0.759887	0.756229	0.707297	0.708332	0.714897	0.750453	0.75559	0.748359	0.760459	0.708378	0.75571	0.756513	0.711869	0.710928	0.702736	0.709091	0.707689	0.753511	0.751952	0.772719	0.710587	0.766361	0.759189	0.706474	0.713047	0.709324	0.714469	0.763164	0.760246	0.754918	0.711903	0.709998	0.76003	0.75797	0.763502	0.755382	0.752855	0.757246	0.753341	0.710558	0.700262	0.709028	0.710414	0.710855	0.708775	0.709012	0.706944	0.760918	0.761387	0.708572	0.755391	0.754489	0.762586	0.756635	0.761225	0.757102	0.763384	0.75392	0.763417	0.70837	0.71228	0.709742	0.711541	0.712004	0.707882	0.709052	0.712836	0.764043	0.696949	0.713835	0.752617	0.707062	0.762615	0.756917	0.758986
0.732831	0.709471	0.735219	0.735972	0.732808	0.734206	0.711008	0.711943	0.726046	0.714382	0.7099	0.702704	0.711679	1	0.728186	0.710581	0.706658	0.708816	0.708902	0.732939	0.736475	0.703477	0.736514	0.711679	0.712904	0.707725	0.713097	0.729408	0.732974	0.734543	0.71097	0.710651	0.705044	0.71221	0.728256	0.70793	0.709557	0.733807	0.737914	0.729638	0.732763	0.733971	0.712312	0.710363	0.709147	0.731943	0.709664	0.709452	0.733899	0.734911	0.735092	0.739023	0.709794	0.710256	0.709724	0.730334	0.737943	0.712828	0.709652	0.710597	0.710732	0.711106	0.713269	0.70942	0.731164	0.725678	0.732555	0.727258	0.742361	0.737578	0.728978	0.731136	0.710746	0.711641	0.735247	0.714325	0.710721	0.710012	0.711073	0.708539	0.713486	0.707077	0.711512	0.712558	0.728484	0.733812	0.730888	0.734294	0.735841	0.735471	0.730804	0.732915	0.712723	0.727212	0.731745	0.709995	0.732478	0.711922	0.711789	0.707036
0.739671	0.712502	0.734836	0.739569	0.731916	0.733881	0.71256	0.711206	0.735766	0.706933	0.712202	0.707222	0.708703	0.728186	1	0.707412	0.709005	0.708542	0.707488	0.742838	0.739325	0.706807	0.740062	0.711151	0.708252	0.709065	0.712713	0.737925	0.739327	0.737217	0.708926	0.710541	0.711145	0.710394	0.744327	0.70765	0.708311	0.733102	0.735067	0.738767	0.735054	0.733653	0.708881	0.712286	0.70897	0.733825	0.71101	0.70895	0.726702	0.736804	0.744752	0.734885	0.710678	0.709918	0.713964	0.741478	0.738097	0.711715	0.708947	0.705225	0.713256	0.712445	0.713076	0.713192	0.736948	0.726844	0.735464	0.741948	0.735446	0.739289	0.731228	0.72511	0.711331	0.711328	0.7361	0.714154	0.71117	0.713821	0.710174	0.711267	0.710253	0.709852	0.709298	0.712207	0.736606	0.736842	0.735284	0.735526	0.739132	0.745482	0.743893	0.734421	0.709902	0.721206	0.741785	0.709508	0.738488	0.712887	0.709754	0.707725
0.710751	0.755513	0.703008	0.710062	0.701899	0.70643	0.759827	0.753101	0.708136	0.757848	0.755249	0.738569	0.752019	0.710581	0.707412	1	0.754208	0.753075	0.754828	0.70889	0.705717	0.753565	0.71191	0.753277	0.754472	0.754095	0.764085	0.710629	0.706719	0.71048	0.768834	0.769292	0.755347	0.759601	0.708676	0.755505	0.753457	0.706441	0.710349	0.703641	0.703644	0.708049	0.758826	0.75339	0.754503	0.707152	0.763185	0.756383	0.702069	0.709758	0.707845	0.711	0.75167	0.752203	0.754934	0.708078	0.711113	0.758279	0.760298	0.751984	0.753967	0.768967	0.758125	0.76109	0.707161	0.697411	0.708217	0.710587	0.708916	0.707487	0.708562	0.707669	0.751403	0.762537	0.708163	0.766924	0.755898	0.750223	0.745295	0.757531	0.755057	0.762085	0.762873	0.754662	0.702789	0.707067	0.708028	0.709638	0.708453	0.708383	0.707821	0.706595	0.75482	0.694781	0.707374	0.755838	0.708006	0.758046	0.759706	0.754996
0.708543	0.764641	0.701287	0.706845	0.706116	0.710989	0.755968	0.751114	0.70903	0.75211	0.756188	0.742396	0.759229	0.706658	0.709005	0.754208	1	0.759537	0.755005	0.709614	0.707754	0.754712	0.709918	0.766345	0.75023	0.760016	0.755835	0.707797	0.705086	0.70976	0.760692	0.761024	0.751836	0.761724	0.704998	0.74834	0.760031	0.708379	0.709068	0.703963	0.703708	0.708133	0.756847	0.754802	0.753961	0.705544	0.76485	0.747788	0.703857	0.71121	0.709572	0.708085	0.755859	0.755841	0.755806	0.707267	0.708104	0.759533	0.752471	0.763583	0.758097	0.76209	0.756391	0.75127	0.708624	0.700592	0.708098	0.709864	0.709483	0.707338	0.7087	0.704789	0.760336	0.754919	0.709115	0.762768	0.754066	0.750347	0.753635	0.756975	0.76065	0.765694	0.750648	0.76086	0.703686	0.709467	0.709997	0.710245	0.706251	0.707456	0.70842	0.705458	0.753761	0.698427	0.710987	0.749329	0.707254	0.761707	0.760849	0.755344
0.707365	0.765176	0.703497	0.711257	0.707603	0.711079	0.765632	0.760693	0.713909	0.768175	0.755965	0.739606	0.759497	0.708816	0.708542	0.753075	0.759537	1	0.765502	0.708624	0.709061	0.759086	0.714422	0.76031	0.762587	0.755444	0.763137	0.708931	0.708324	0.713079	0.760261	0.762545	0.755205	0.759196	0.707233	0.746094	0.769435	0.711012	0.711461	0.70529	0.705523	0.708697	0.754386	0.758799	0.762429	0.706971	0.757348	0.774216	0.707673	0.712836	0.711426	0.709443	0.753523	0.758996	0.759972	0.712738	0.71254	0.764706	0.766572	0.75614	0.75895	0.755592	0.757289	0.763062	0.710697	0.697116	0.711062	0.709892	0.712217	0.709662	0.711439	0.708645	0.761044	0.747971	0.712073	0.758953	0.765645	0.759453	0.755787	0.761291	0.751895	0.755103	0.750182	0.76048	0.709121	0.712527	0.709435	0.709724	0.707958	0.70934	0.709095	0.710553	0.760488	0.695269	0.708893	0.745065	0.709147	0.75503	0.757123	0.75252
0.707105	0.763926	0.700697	0.710812	0.702977	0.712455	0.752659	0.757442	0.711454	0.750615	0.752477	0.745265	0.759214	0.708902	0.707488	0.754828	0.755005	0.765502	1	0.70534	0.703568	0.751362	0.708978	0.742601	0.749623	0.757118	0.76128	0.706354	0.703887	0.71236	0.757995	0.752494	0.757457	0.760456	0.704816	0.751808	0.750751	0.706953	0.710697	0.700651	0.704331	0.705809	0.75986	0.758502	0.755782	0.707929	0.761778	0.757947	0.701936	0.710131	0.706506	0.708359	0.762389	0.756915	0.747248	0.707046	0.710084	0.756004	0.760023	0.759145	0.760073	0.754797	0.750069	0.755526	0.70668	0.698374	0.708469	0.709862	0.710113	0.704574	0.705306	0.705433	0.759451	0.749836	0.706164	0.759769	0.757225	0.750542	0.764499	0.746164	0.74762	0.75661	0.753404	0.760584	0.703879	0.708563	0.709373	0.709195	0.70658	0.706023	0.709059	0.703892	0.756066	0.694251	0.704584	0.746229	0.706202	0.756065	0.760803	0.750911
0.749873	0.711658	0.732954	0.741119	0.733997	0.747513	0.713786	0.710349	0.737412	0.709918	0.710152	0.703387	0.708985	0.732939	0.742838	0.70889	0.709614	0.708624	0.70534	1	0.735051	0.70821	0.738717	0.71214	0.709314	0.708046	0.713911	0.740944	0.741206	0.740647	0.709756	0.710673	0.710824	0.712386	0.735356	0.708771	0.710886	0.7386	0.747176	0.737147	0.74067	0.740692	0.711078	0.710118	0.707316	0.739785	0.713006	0.709506	0.736464	0.741199	0.741157	0.739546	0.712024	0.708715	0.71354	0.730794	0.741387	0.709088	0.710499	0.710269	0.71126	0.711659	0.712247	0.71156	0.744752	0.726187	0.738183	0.740739	0.741213	0.741248	0.735472	0.730394	0.710576	0.711548	0.743022	0.715899	0.711052	0.711693	0.712639	0.71211	0.709809	0.710294	0.709615	0.708769	0.740647	0.739382	0.736851	0.743592	0.740019	0.755308	0.744592	0.741212	0.708676	0.735761	0.732848	0.711992	0.738624	0.707495	0.708844	0.707505
0.739968	0.709991	0.735508	0.741799	0.733112	0.732842	0.709537	0.71236	0.736107	0.710075	0.714126	0.703296	0.708174	0.736475	0.739325	0.705717	0.707754	0.709061	0.703568	0.735051	1	0.705327	0.739021	0.71068	0.710047	0.705523	0.710237	0.737502	0.73594	0.736499	0.71139	0.711964	0.710719	0.708657	0.741216	0.706157	0.710388	0.741604	0.736448	0.739348	0.734033	0.739692	0.708492	0.707596	0.70851	0.739743	0.711089	0.709994	0.741539	0.748126	0.743582	0.740645	0.708745	0.708381	0.713666	0.732567	0.729907	0.713996	0.708756	0.707092	0.709342	0.708423	0.711581	0.708512	0.733872	0.725766	0.737844	0.735356	0.740266	0.744954	0.734648	0.730892	0.710074	0.710546	0.748745	0.714032	0.712861	0.710205	0.710391	0.711938	0.708848	0.708296	0.708169	0.706174	0.738907	0.742064	0.738335	0.7489	0.738841	0.741814	0.736418	0.736719	0.709881	0.727018	0.741521	0.711907	0.739843	0.712729	0.709302	0.710625
0.709689	0.74959	0.698031	0.710619	0.704074	0.710833	0.763441	0.752909	0.711018	0.75395	0.757286	0.745459	0.757604	0.703477	0.706807	0.753565	0.754712	0.759086	0.751362	0.70821	0.705327	1	0.709107	0.754017	0.757865	0.755787	0.761075	0.710279	0.706992	0.711766	0.754942	0.758114	0.749289	0.762375	0.707614	0.751737	0.756559	0.706554	0.712981	0.703031	0.703351	0.705629	0.760928	0.765419	0.76625	0.705114	0.751654	0.756833	0.705898	0.713731	0.70825	0.708969	0.761639	0.762188	0.755218	0.708454	0.704992	0.760105	0.752208	0.748652	0.760366	0.752604	0.751927	0.761414	0.709713	0.69312	0.706136	0.708263	0.708996	0.709755	0.711609	0.703706	0.759358	0.753446	0.705947	0.75377	0.755716	0.758035	0.761395	0.74814	0.752445	0.754933	0.769484	0.753778	0.703365	0.708169	0.709031	0.711138	0.705426	0.707401	0.71097	0.708792	0.762823	0.692444	0.710704	0.751084	0.705318	0.754678	0.75573	0.759489
0.740919	0.715636	0.732212	0.745061	0.737506	0.738701	0.715407	0.714826	0.742607	0.713744	0.714561	0.704294	0.714213	0.736514	0.740062	0.71191	0.709918	0.714422	0.708978	0.738717	0.739021	0.709107	1	0.714933	0.713226	0.711718	0.716285	0.747	0.749279	0.738125	0.711954	0.714498	0.711629	0.716067	0.741826	0.711888	0.711554	0.739064	0.740842	0.740401	0.736474	0.734011	0.715779	0.710615	0.713193	0.735819	0.714911	0.713918	0.738559	0.74391	0.745649	0.74242	0.708682	0.711286	0.715548	0.737459	0.744715	0.712362	0.715042	0.711211	0.712584	0.712898	0.714946	0.7137	0.741361	0.725797	0.743757	0.739411	0.740055	0.739041	0.737144	0.729696	0.713615	0.716962	0.743292	0.71657	0.718364	0.719132	0.714773	0.71173	0.710004	0.712635	0.711708	0.71221	0.73981	0.737303	0.739274	0.741798	0.746554	0.748973	0.746257	0.751929	0.711594	0.732	0.73776	0.710257	0.734885	0.716522	0.713063	0.710922
0.71294	0.760042	0.706361	0.713172	0.70859	0.713348	0.760616	0.745266	0.71462	0.762479	0.754031	0.739106	0.749908	0.711679	0.711151	0.753277	0.766345	0.76031	0.742601	0.71214	0.71068	0.754017	0.714933	1	0.754282	0.751483	0.754266	0.713711	0.712966	0.710568	0.750983	0.759057	0.757804	0.760912	0.710211	0.750705	0.756699	0.71616	0.714726	0.706779	0.706561	0.71178	0.753961	0.75571	0.75182	0.711843	0.754702	0.761043	0.709193	0.71629	0.713531	0.716194	0.750964	0.759936	0.755785	0.713544	0.714691	0.75425	0.745269	0.75475	0.764551	0.761818	0.760283	0.764885	0.711324	0.700252	0.712072	0.714125	0.711419	0.713414	0.711866	0.709978	0.753489	0.75559	0.712073	0.754126	0.758064	0.759246	0.759332	0.762244	0.753626	0.75631	0.746878	0.757265	0.706152	0.716183	0.712402	0.713262	0.707947	0.71144	0.713874	0.712027	0.758274	0.698572	0.712268	0.753794	0.710558	0.759256	0.762643	0.751396
0.711079	0.760074	0.704412	0.710403	0.710619	0.710331	0.76022	0.757769	0.714168	0.768442	0.766411	0.73313	0.759963	0.712904	0.708252	0.754472	0.75023	0.762587	0.749623	0.709314	0.710047	0.757865	0.713226	0.754282	1	0.759733	0.753107	0.710194	0.708699	0.715498	0.757321	0.763229	0.756972	0.755135	0.710027	0.758868	0.751181	0.710699	0.71233	0.70994	0.709361	0.70941	0.757906	0.753047	0.75588	0.708883	0.761371	0.764931	0.706487	0.715354	0.710137	0.714681	0.760742	0.759725	0.757614	0.713414	0.711599	0.756433	0.755362	0.751929	0.75828	0.750335	0.7574	0.756708	0.710867	0.69741	0.712446	0.711638	0.712621	0.709188	0.712813	0.707695	0.747582	0.755103	0.710057	0.753975	0.757027	0.746585	0.753241	0.758289	0.756654	0.757727	0.755245	0.762659	0.70794	0.713533	0.709651	0.713883	0.709703	0.71099	0.70887	0.713839	0.753413	0.6969	0.711139	0.750867	0.709732	0.756454	0.749565	0.761264
0.705947	0.75611	0.702875	0.712598	0.702482	0.709347	0.769021	0.749744	0.711343	0.757805	0.758697	0.740871	0.759887	0.707725	0.709065	0.754095	0.760016	0.755444	0.757118	0.708046	0.705523	0.755787	0.711718	0.751483	0.759733	1	0.752265	0.709172	0.703525	0.710361	0.750607	0.752771	0.767783	0.759515	0.70328	0.753454	0.749827	0.707211	0.711916	0.702231	0.704361	0.707202	0.756139	0.761283	0.758673	0.704634	0.765679	0.748178	0.706448	0.709793	0.708285	0.712989	0.753973	0.763391	0.758401	0.710222	0.706678	0.751438	0.765136	0.765589	0.745262	0.756454	0.753572	0.750423	0.706602	0.694927	0.70842	0.704601	0.711661	0.70616	0.70995	0.705071	0.758023	0.75757	0.703334	0.761096	0.755713	0.764863	0.756081	0.755817	0.755085	0.755151	0.764103	0.766801	0.703622	0.711776	0.707874	0.71151	0.706552	0.70889	0.712421	0.70849	0.760969	0.692404	0.707083	0.748958	0.703642	0.758355	0.748316	0.761066
0.714795	0.810515	0.707224	0.71502	0.708492	0.715993	0.760483	0.759233	0.710893	0.754204	0.756451	0.74498	0.756229	0.713097	0.712713	0.764085	0.755835	0.763137	0.76128	0.713911	0.710237	0.761075	0.716285	0.754266	0.753107	0.752265	1	0.714593	0.71078	0.716367	0.767831	0.762466	0.750085	0.767575	0.710874	0.756205	0.76291	0.711846	0.713587	0.704756	0.709372	0.710158	0.765071	0.755401	0.758653	0.709906	0.757248	0.757216	0.710613	0.716245	0.711588	0.712583	0.748814	0.756304	0.765467	0.712032	0.711563	0.762535	0.777776	0.75466	0.762359	0.770703	0.755887	0.755419	0.712056	0.699126	0.713106	0.714243	0.713639	0.712271	0.712445	0.708185	0.766268	0.754424	0.713504	0.762162	0.763323	0.755144	0.75589	0.75451	0.756016	0.757761	0.759844	0.755013	0.708824	0.71422	0.715994	0.711946	0.712833	0.708817	0.711033	0.711078	0.766152	0.698715	0.712439	0.749937	0.712565	0.764573	0.763571	0.755346
0.747436	0.711944	0.734399	0.739126	0.733042	0.733644	0.711509	0.716398	0.738796	0.711179	0.713444	0.704058	0.707297	0.729408	0.737925	0.710629	0.707797	0.708931	0.706354	0.740944	0.737502	0.710279	0.747	0.713711	0.710194	0.709172	0.714593	1	0.740626	0.735633	0.709979	0.708594	0.711096	0.707497	0.732267	0.708364	0.708647	0.736949	0.742066	0.734014	0.745647	0.744062	0.710901	0.710428	0.711338	0.733036	0.709147	0.709331	0.740645	0.744235	0.740761	0.740337	0.7096	0.711905	0.712976	0.74033	0.732854	0.710495	0.708805	0.707257	0.712031	0.710489	0.709911	0.707826	0.739905	0.73272	0.737295	0.737854	0.739665	0.752489	0.7329	0.732616	0.713051	0.712241	0.732253	0.714894	0.709587	0.712382	0.71183	0.711907	0.709227	0.706871	0.711474	0.711169	0.73841	0.739944	0.742207	0.741503	0.73777	0.748152	0.744249	0.738166	0.707727	0.735074	0.739184	0.708997	0.745879	0.709527	0.709106	0.707812
0.740814	0.707974	0.743933	0.738295	0.737251	0.742362	0.710179	0.708776	0.750648	0.704466	0.710385	0.700501	0.708332	0.732974	0.739327	0.706719	0.705086	0.708324	0.703887	0.741206	0.73594	0.706992	0.749279	0.712966	0.708699	0.703525	0.71078	0.740626	1	0.744612	0.708133	0.709482	0.707257	0.71111	0.743665	0.708237	0.706918	0.745172	0.748753	0.749008	0.737286	0.740572	0.708042	0.706487	0.706407	0.741461	0.711648	0.710084	0.745442	0.745983	0.746474	0.739781	0.708883	0.707643	0.711354	0.744174	0.739749	0.710127	0.709333	0.707661	0.708438	0.70815	0.70842	0.707145	0.746538	0.731181	0.738895	0.740373	0.733879	0.742295	0.740013	0.735543	0.708824	0.708538	0.741903	0.711595	0.711239	0.711043	0.711315	0.708129	0.706984	0.706699	0.707998	0.705512	0.745088	0.739184	0.738327	0.741456	0.748442	0.744553	0.740826	0.744473	0.707337	0.733457	0.748505	0.707914	0.741726	0.709104	0.707026	0.710287
0.73299	0.715023	0.732549	0.741543	0.734873	0.733136	0.71505	0.718725	0.745328	0.711396	0.716815	0.705098	0.714897	0.734543	0.737217	0.71048	0.70976	0.713079	0.71236	0.740647	0.736499	0.711766	0.738125	0.710568	0.715498	0.710361	0.716367	0.735633	0.744612	1	0.71717	0.713084	0.712834	0.713863	0.741422	0.711661	0.710548	0.743008	0.740002	0.733845	0.738965	0.740774	0.713228	0.713216	0.709934	0.73505	0.712812	0.713762	0.742345	0.74655	0.740011	0.739889	0.716621	0.713339	0.715307	0.740287	0.732641	0.713404	0.716341	0.711246	0.715821	0.712847	0.714998	0.712522	0.748097	0.723488	0.733094	0.73956	0.73885	0.735708	0.735927	0.732319	0.713704	0.713598	0.736829	0.718788	0.713723	0.716879	0.715865	0.715093	0.714634	0.711272	0.714849	0.713844	0.742566	0.741253	0.734975	0.730063	0.739593	0.743448	0.742528	0.739586	0.71388	0.722036	0.735318	0.712611	0.733904	0.713283	0.712956	0.710646
0.709434	0.761094	0.700539	0.70886	0.704359	0.710921	0.757737	0.763507	0.711847	0.749576	0.766325	0.732862	0.750453	0.71097	0.708926	0.768834	0.760692	0.760261	0.757995	0.709756	0.71139	0.754942	0.711954	0.750983	0.757321	0.750607	0.767831	0.709979	0.708133	0.71717	1	0.750858	0.753555	0.760701	0.709015	0.757081	0.756105	0.705929	0.710143	0.703496	0.708653	0.710198	0.756888	0.755823	0.751346	0.705733	0.757244	0.755617	0.705569	0.711139	0.712271	0.712953	0.754743	0.7553	0.751203	0.709753	0.71063	0.75933	0.766489	0.758565	0.757812	0.763015	0.754821	0.754468	0.709601	0.69945	0.710505	0.71104	0.712554	0.710005	0.710312	0.703536	0.759157	0.757824	0.711201	0.759071	0.760091	0.747133	0.75886	0.756769	0.763257	0.758386	0.748176	0.754512	0.70483	0.709352	0.709456	0.710543	0.706681	0.709356	0.709717	0.707488	0.746562	0.69415	0.711035	0.757243	0.709696	0.761729	0.76438	0.757587
0.712443	0.756618	0.706301	0.712801	0.705745	0.714531	0.754355	0.75316	0.715203	0.761225	0.753534	0.736334	0.75559	0.710651	0.710541	0.769292	0.761024	0.762545	0.752494	0.710673	0.711964	0.758114	0.714498	0.759057	0.763229	0.752771	0.762466	0.708594	0.709482	0.713084	0.750858	1	0.754299	0.758642	0.707533	0.748655	0.761781	0.711326	0.715606	0.704916	0.7086	0.711753	0.75834	0.754118	0.756679	0.707991	0.757163	0.757094	0.705492	0.716026	0.710903	0.711318	0.75638	0.757154	0.757472	0.710815	0.71104	0.758248	0.75016	0.754063	0.767151	0.758053	0.749819	0.755107	0.708276	0.697725	0.710285	0.711363	0.712186	0.711407	0.714212	0.709657	0.754878	0.755127	0.711137	0.754801	0.763874	0.749206	0.75051	0.759762	0.752913	0.763117	0.755961	0.749893	0.708091	0.713703	0.709215	0.715177	0.710656	0.709287	0.710223	0.712634	0.765764	0.698072	0.712267	0.751425	0.709617	0.762746	0.76243	0.759365
0.707061	0.757549	0.703311	0.712181	0.705471	0.710965	0.757038	0.748948	0.713109	0.76324	0.750754	0.734376	0.748359	0.705044	0.711145	0.755347	0.751836	0.755205	0.757457	0.710824	0.710719	0.749289	0.711629	0.757804	0.756972	0.767783	0.750085	0.711096	0.707257	0.712834	0.753555	0.754299	1	0.759454	0.708022	0.756606	0.751327	0.710149	0.71459	0.703238	0.703942	0.709144	0.749422	0.760671	0.757778	0.706158	0.754593	0.761173	0.703689	0.713145	0.70874	0.710864	0.753136	0.763891	0.755862	0.710433	0.706822	0.745078	0.756327	0.75107	0.751092	0.758778	0.757937	0.750387	0.709803	0.696522	0.711503	0.710362	0.710015	0.708706	0.709567	0.705086	0.742058	0.761232	0.704878	0.757014	0.755586	0.755167	0.757944	0.757869	0.754547	0.754293	0.757007	0.758834	0.703249	0.711458	0.71085	0.714747	0.709535	0.710221	0.712326	0.70837	0.747323	0.694254	0.710017	0.751959	0.707384	0.755529	0.753652	0.756527
0.712735	0.763969	0.705643	0.713881	0.708415	0.714293	0.761091	0.75057	0.712977	0.753912	0.757643	0.739329	0.760459	0.71221	0.710394	0.759601	0.761724	0.759196	0.760456	0.712386	0.708657	0.762375	0.716067	0.760912	0.755135	0.759515	0.767575	0.707497	0.71111	0.713863	0.760701	0.758642	0.759454	1	0.711909	0.749633	0.758629	0.709933	0.714529	0.707873	0.709394	0.711442	0.761605	0.750569	0.764628	0.711704	0.755095	0.763441	0.707391	0.712253	0.71293	0.711968	0.756622	0.756904	0.7599	0.707357	0.7119	0.76352	0.767762	0.75441	0.764275	0.757468	0.754418	0.764098	0.711639	0.699165	0.712351	0.712969	0.713858	0.711899	0.714368	0.705595	0.756355	0.764274	0.709764	0.767134	0.760779	0.762259	0.759305	0.754538	0.75696	0.766764	0.763289	0.763112	0.707387	0.714556	0.712755	0.710775	0.709613	0.710135	0.71059	0.709002	0.765436	0.698465	0.712804	0.752429	0.710581	0.761922	0.756577	0.748505
0.743789	0.710977	0.744363	0.735729	0.734985	0.732439	0.708309	0.710707	0.736308	0.704756	0.711649	0.70031	0.708378	0.728256	0.744327	0.708676	0.704998	0.707233	0.704816	0.735356	0.741216	0.707614	0.741826	0.710211	0.710027	0.70328	0.710874	0.732267	0.743665	0.741422	0.709015	0.707533	0.708022	0.711909	1	0.709156	0.71114	0.731818	0.733981	0.741359	0.740058	0.732154	0.708539	0.705802	0.707601	0.740995	0.710555	0.707396	0.736806	0.744393	0.743219	0.742104	0.707824	0.706953	0.709332	0.743492	0.738226	0.707071	0.708387	0.704132	0.70613	0.709351	0.711925	0.708272	0.742232	0.724772	0.742287	0.740425	0.739479	0.738548	0.738988	0.735903	0.709436	0.710603	0.741098	0.711598	0.710781	0.710012	0.711523	0.710575	0.708272	0.709204	0.708098	0.707463	0.740069	0.740053	0.73958	0.73899	0.747783	0.745826	0.749704	0.7382	0.705398	0.731497	0.743132	0.707345	0.739016	0.711281	0.708753	0.705785
0.709341	0.761589	0.703849	0.709121	0.706574	0.713173	0.759231	0.7538	0.71336	0.759005	0.753715	0.74229	0.75571	0.70793	0.70765	0.755505	0.74834	0.746094	0.751808	0.708771	0.706157	0.751737	0.711888	0.750705	0.758868	0.753454	0.756205	0.708364	0.708237	0.711661	0.757081	0.748655	0.756606	0.749633	0.709156	1	0.749528	0.709532	0.711887	0.706805	0.706457	0.706786	0.758165	0.757129	0.757378	0.711679	0.761673	0.756144	0.705817	0.713968	0.708983	0.711883	0.764373	0.759038	0.751496	0.711733	0.71009	0.75292	0.753979	0.764445	0.757218	0.757086	0.757132	0.752378	0.704248	0.69587	0.709656	0.710952	0.712045	0.708084	0.707758	0.706479	0.76046	0.756137	0.708381	0.75431	0.754912	0.757778	0.768014	0.758219	0.761093	0.758909	0.75863	0.762795	0.70394	0.71126	0.710544	0.712429	0.708844	0.709955	0.71238	0.710002	0.749281	0.693166	0.709412	0.755391	0.706875	0.752477	0.761134	0.753667
0.710081	0.758095	0.704279	0.713433	0.705245	0.708393	0.756649	0.758097	0.713126	0.750765	0.755854	0.745579	0.756513	0.709557	0.708311	0.753457	0.760031	0.769435	0.750751	0.710886	0.710388	0.756559	0.711554	0.756699	0.751181	0.749827	0.76291	0.708647	0.706918	0.710548	0.756105	0.761781	0.751327	0.758629	0.71114	0.749528	1	0.710589	0.710944	0.705496	0.705097	0.707988	0.756994	0.751659	0.756059	0.707743	0.758428	0.750587	0.704278	0.710232	0.711283	0.71093	0.754734	0.753779	0.762609	0.708996	0.709739	0.755978	0.761538	0.748917	0.757116	0.762228	0.762498	0.750842	0.707226	0.695322	0.708459	0.710233	0.710407	0.711654	0.711502	0.707394	0.761317	0.750656	0.706559	0.759011	0.757126	0.759061	0.758022	0.750107	0.758538	0.759774	0.757913	0.758597	0.705474	0.711422	0.709599	0.71266	0.709764	0.705979	0.708881	0.711968	0.756071	0.692936	0.707329	0.755519	0.707074	0.757372	0.755015	0.754865
0.740455	0.711132	0.740752	0.742373	0.741385	0.732395	0.712854	0.710477	0.735291	0.709668	0.71284	0.70224	0.711869	0.733807	0.733102	0.706441	0.708379	0.711012	0.706953	0.7386	0.741604	0.706554	0.739064	0.71616	0.710699	0.707211	0.711846	0.736949	0.745172	0.743008	0.705929	0.711326	0.710149	0.709933	0.731818	0.709532	0.710589	1	0.739775	0.741584	0.7374	0.743296	0.713749	0.711487	0.708601	0.735283	0.710383	0.710801	0.741871	0.746845	0.739293	0.739712	0.713216	0.709538	0.715578	0.743156	0.734826	0.711128	0.710942	0.708033	0.70983	0.711267	0.709968	0.712551	0.736285	0.730964	0.727552	0.737381	0.73988	0.738421	0.733895	0.728557	0.711976	0.70972	0.745235	0.713066	0.71164	0.711168	0.709643	0.711212	0.708982	0.709858	0.709624	0.710943	0.738742	0.737358	0.736281	0.741159	0.750432	0.738259	0.746382	0.741497	0.713079	0.732997	0.739547	0.70776	0.729865	0.715088	0.708662	0.71194
0.753928	0.71219	0.740271	0.737757	0.729438	0.741142	0.714206	0.708644	0.73822	0.709381	0.714219	0.706051	0.710928	0.737914	0.735067	0.710349	0.709068	0.711461	0.710697	0.747176	0.736448	0.712981	0.740842	0.714726	0.71233	0.711916	0.713587	0.742066	0.748753	0.740002	0.710143	0.715606	0.71459	0.714529	0.733981	0.711887	0.710944	0.739775	1	0.743265	0.750123	0.738005	0.71056	0.711333	0.710792	0.738401	0.715815	0.7111	0.74262	0.746031	0.742114	0.73381	0.710311	0.712729	0.711756	0.738851	0.746208	0.711686	0.713488	0.711924	0.713895	0.714101	0.714335	0.712068	0.742766	0.734535	0.748518	0.739313	0.742605	0.741711	0.739327	0.73102	0.712463	0.712783	0.745193	0.716834	0.712232	0.715867	0.712736	0.710306	0.714315	0.710563	0.712384	0.713816	0.7378	0.742464	0.734673	0.74893	0.740781	0.740463	0.737873	0.742402	0.712914	0.73521	0.74298	0.708093	0.738818	0.712578	0.711325	0.709397
0.731441	0.707637	0.737468	0.736759	0.736483	0.740084	0.706487	0.705494	0.738752	0.704476	0.705919	0.698293	0.702736	0.729638	0.738767	0.703641	0.703963	0.70529	0.700651	0.737147	0.739348	0.703031	0.740401	0.706779	0.70994	0.702231	0.704756	0.734014	0.749008	0.733845	0.703496	0.704916	0.703238	0.707873	0.741359	0.706805	0.705496	0.741584	0.743265	1	0.73429	0.735713	0.706651	0.703732	0.703802	0.748229	0.703281	0.703927	0.736665	0.739498	0.735897	0.740327	0.702724	0.702661	0.710743	0.729931	0.736524	0.704177	0.704104	0.705668	0.706062	0.704814	0.708044	0.704322	0.736101	0.736047	0.734148	0.738729	0.732811	0.741139	0.740829	0.733844	0.707382	0.70585	0.742471	0.705163	0.706953	0.709659	0.708412	0.706426	0.703316	0.703198	0.706374	0.704545	0.741823	0.737298	0.736787	0.741044	0.74739	0.738054	0.737872	0.743717	0.705912	0.73249	0.738644	0.70341	0.734899	0.707101	0.702196	0.703134
0.745058	0.709046	0.73768	0.734298	0.73174	0.740386	0.706968	0.708553	0.730246	0.702157	0.709859	0.701616	0.709091	0.732763	0.735054	0.703644	0.703708	0.705523	0.704331	0.74067	0.734033	0.703351	0.736474	0.706561	0.709361	0.704361	0.709372	0.745647	0.737286	0.738965	0.708653	0.7086	0.703942	0.709394	0.740058	0.706457	0.705097	0.7374	0.750123	0.73429	1	0.737994	0.706511	0.704305	0.707593	0.736894	0.704911	0.70466	0.738385	0.735742	0.742822	0.73436	0.706614	0.705496	0.709855	0.743304	0.733894	0.705142	0.709131	0.705818	0.707446	0.705224	0.70609	0.706833	0.73694	0.732358	0.735651	0.737753	0.738276	0.744165	0.740426	0.726644	0.711331	0.707765	0.742398	0.710905	0.705965	0.711467	0.710914	0.705333	0.706072	0.705206	0.709155	0.710526	0.747119	0.742033	0.732999	0.736945	0.743782	0.745193	0.739794	0.733302	0.704034	0.735447	0.746699	0.706778	0.736789	0.708209	0.706564	0.705942
0.742529	0.711099	0.734579	0.739816	0.737562	0.742263	0.709501	0.71388	0.743102	0.708944	0.710235	0.703096	0.707689	0.733971	0.733653	0.708049	0.708133	0.708697	0.705809	0.740692	0.739692	0.705629	0.734011	0.71178	0.70941	0.707202	0.710158	0.744062	0.740572	0.740774	0.710198	0.711753	0.709144	0.711442	0.732154	0.706786	0.707988	0.743296	0.738005	0.735713	0.737994	1	0.707765	0.709288	0.707929	0.738507	0.7124	0.708917	0.735537	0.738507	0.736952	0.739878	0.710958	0.710598	0.713887	0.74086	0.73751	0.708528	0.708445	0.706789	0.711065	0.708188	0.709403	0.706421	0.737446	0.734176	0.729718	0.737682	0.737197	0.740399	0.742411	0.734213	0.710453	0.709771	0.741009	0.713886	0.709085	0.710361	0.707415	0.70979	0.70893	0.707973	0.708794	0.70798	0.738636	0.737153	0.737458	0.738582	0.742633	0.742059	0.73792	0.733463	0.709322	0.721578	0.735483	0.709989	0.748537	0.711855	0.708926	0.707423
0.711642	0.756397	0.706858	0.712756	0.705254	0.713703	0.753456	0.748954	0.71368	0.751834	0.760919	0.742574	0.753511	0.712312	0.708881	0.758826	0.756847	0.754386	0.75986	0.711078	0.708492	0.760928	0.715779	0.753961	0.757906	0.756139	0.765071	0.710901	0.708042	0.713228	0.756888	0.75834	0.749422	0.761605	0.708539	0.758165	0.756994	0.713749	0.71056	0.706651	0.706511	0.707765	1	0.760593	0.751898	0.707399	0.760159	0.751412	0.705322	0.710572	0.713819	0.714666	0.758298	0.757231	0.753409	0.709278	0.709157	0.755123	0.756194	0.760312	0.76178	0.754859	0.752098	0.764341	0.709684	0.698804	0.707281	0.710971	0.711936	0.70891	0.709976	0.707354	0.756974	0.755489	0.70787	0.758134	0.75513	0.76681	0.762197	0.750249	0.750435	0.762929	0.759922	0.755428	0.707386	0.710563	0.711928	0.715334	0.707783	0.711228	0.711313	0.711985	0.755555	0.702242	0.711723	0.744448	0.709197	0.767715	0.752149	0.760142
0.713297	0.749399	0.699739	0.712047	0.70969	0.711538	0.762546	0.751406	0.713253	0.759887	0.761907	0.738609	0.751952	0.710363	0.712286	0.75339	0.754802	0.758799	0.758502	0.710118	0.707596	0.765419	0.710615	0.75571	0.753047	0.761283	0.755401	0.710428	0.706487	0.713216	0.755823	0.754118	0.760671	0.750569	0.705802	0.757129	0.751659	0.711487	0.711333	0.703732	0.704305	0.709288	0.760593	1	0.751303	0.707632	0.748737	0.760095	0.7065	0.711847	0.708697	0.71052	0.749534	0.758264	0.754668	0.711252	0.707589	0.74348	0.746422	0.754083	0.75784	0.741769	0.756425	0.75378	0.711558	0.696856	0.707529	0.709247	0.711584	0.713258	0.707245	0.706829	0.752131	0.755481	0.704223	0.748968	0.746965	0.752672	0.755624	0.750173	0.754608	0.750868	0.755203	0.756404	0.706132	0.708765	0.710395	0.709832	0.707748	0.70974	0.709695	0.706611	0.763252	0.695908	0.712563	0.74695	0.705266	0.759105	0.755158	0.751562
0.709891	0.759136	0.700942	0.711425	0.704556	0.710782	0.765443	0.752141	0.713777	0.761261	0.763885	0.740623	0.772719	0.709147	0.70897	0.754503	0.753961	0.762429	0.755782	0.707316	0.70851	0.76625	0.713193	0.75182	0.75588	0.758673	0.758653	0.711338	0.706407	0.709934	0.751346	0.756679	0.757778	0.764628	0.707601	0.757378	0.756059	0.708601	0.710792	0.703802	0.707593	0.707929	0.751898	0.751303	1	0.705852	0.760247	0.759054	0.703689	0.712613	0.708654	0.709752	0.751842	0.757443	0.761396	0.705849	0.707846	0.763759	0.757536	0.753944	0.75398	0.756699	0.758801	0.753547	0.709413	0.697661	0.708951	0.709177	0.707119	0.711013	0.70656	0.704315	0.753073	0.758618	0.708471	0.759823	0.755351	0.758209	0.754964	0.751949	0.750283	0.751769	0.760702	0.755896	0.705097	0.710037	0.709933	0.711542	0.706862	0.710889	0.709805	0.709731	0.766263	0.696366	0.711359	0.748283	0.705055	0.753433	0.755629	0.758384
