1	0.708856	0.731328	0.738889	0.731302	0.736013	0.712646	0.709224	0.738016	0.70649	0.709009	0.704303	0.709789	0.730537	0.737253	0.708296	0.706243	0.705105	0.704979	0.747784	0.737515	0.707449	0.738335	0.710471	0.708614	0.703834	0.712279	0.745048	0.73824	0.730213	0.707075	0.71007	0.704517	0.710115	0.740887	0.706955	0.707666	0.737785	0.751841	0.728615	0.742639	0.740029	0.709248	0.710906	0.707455	0.729091	0.707027	0.7066	0.734465	0.735273	0.742968	0.737972	0.708919	0.707463	0.70865	0.745868	0.732722	0.707636	0.703705	0.705917	0.708654	0.710711	0.709965	0.706618	0.733512	0.733868	0.733717	0.739434	0.742792	0.7411	0.731678	0.725402	0.709079	0.706984	0.738257	0.709816	0.706401	0.711038	0.707485	0.710339	0.7075	0.706298	0.705807	0.70892	0.739876	0.736268	0.735317	0.74106	0.737682	0.744786	0.741111	0.735435	0.706473	0.739102	0.741804	0.705716	0.743888	0.706722	0.713882	0.707759
0.708856	1	0.70343	0.711313	0.704307	0.713113	0.759304	0.761429	0.712792	0.762908	0.754592	0.738479	0.754899	0.707289	0.709723	0.753857	0.763042	0.763771	0.762263	0.709197	0.707678	0.748006	0.712937	0.758503	0.758422	0.754457	0.809556	0.70963	0.705425	0.712771	0.75962	0.754732	0.755754	0.762083	0.708832	0.759771	0.75624	0.708455	0.709884	0.705653	0.706681	0.709162	0.754676	0.747971	0.757177	0.705268	0.754909	0.758228	0.704916	0.710244	0.708446	0.710414	0.753481	0.755205	0.758377	0.707115	0.708565	0.752843	0.769502	0.752992	0.756011	0.766456	0.753207	0.758197	0.708922	0.696406	0.708731	0.711505	0.711806	0.707864	0.708843	0.704075	0.75815	0.750676	0.708632	0.761644	0.756171	0.757636	0.752677	0.761084	0.750931	0.754408	0.753276	0.756305	0.706653	0.71132	0.713377	0.70857	0.707335	0.708049	0.711897	0.705302	0.755016	0.694663	0.705293	0.747919	0.706313	0.756972	0.763208	0.753791
0.731328	0.70343	1	0.737971	0.727	0.732838	0.703039	0.702942	0.733649	0.699549	0.702197	0.695668	0.702455	0.732856	0.731985	0.70079	0.699244	0.701622	0.698798	0.729947	0.732663	0.696023	0.729326	0.704049	0.702068	0.701005	0.705227	0.731455	0.741451	0.730086	0.698435	0.704091	0.700933	0.703457	0.741631	0.701654	0.701947	0.737842	0.737447	0.734941	0.735272	0.732301	0.704864	0.697846	0.69863	0.740906	0.706662	0.703981	0.726784	0.741549	0.741873	0.737164	0.701858	0.700546	0.707888	0.745316	0.734272	0.704243	0.704129	0.699807	0.70216	0.702436	0.701791	0.702852	0.737169	0.725322	0.741235	0.729992	0.741486	0.734936	0.742758	0.738354	0.702254	0.702629	0.734708	0.705811	0.703624	0.706595	0.705826	0.701654	0.705954	0.698894	0.701793	0.701302	0.736706	0.74295	0.730573	0.734061	0.745941	0.732031	0.740296	0.737825	0.704289	0.730044	0.739766	0.697608	0.73574	0.705426	0.699951	0.701789
0.738889	0.711313	0.737971	1	0.731007	0.733295	0.709554	0.712464	0.732714	0.709998	0.709602	0.700869	0.710066	0.733484	0.73614	0.707319	0.704187	0.708696	0.708185	0.738008	0.738947	0.708477	0.742043	0.710498	0.707853	0.710446	0.712671	0.736191	0.735286	0.738764	0.706507	0.71031	0.709297	0.710984	0.732796	0.706844	0.710954	0.739225	0.734716	0.733741	0.731305	0.737109	0.710346	0.709473	0.708239	0.729902	0.712297	0.714091	0.735047	0.735359	0.732788	0.739115	0.71206	0.709432	0.714474	0.728724	0.727784	0.70743	0.710748	0.705678	0.709274	0.710992	0.709276	0.710621	0.734311	0.726188	0.73199	0.736251	0.738165	0.745067	0.732704	0.735647	0.710667	0.711121	0.744558	0.711897	0.712902	0.714999	0.710568	0.708238	0.708706	0.709423	0.707751	0.706355	0.731091	0.735097	0.736843	0.735352	0.743311	0.733233	0.740297	0.744123	0.708352	0.724499	0.737097	0.708636	0.738605	0.708567	0.706896	0.710091
0.731302	0.704307	0.727	0.731007	1	0.730377	0.702841	0.71032	0.726058	0.705462	0.704575	0.696446	0.705733	0.730698	0.72971	0.699834	0.704247	0.705586	0.700789	0.731458	0.73091	0.702172	0.734903	0.706493	0.708476	0.700665	0.706425	0.730434	0.734845	0.732533	0.702358	0.703542	0.702967	0.706196	0.732713	0.704372	0.703083	0.739047	0.726786	0.734538	0.729192	0.735323	0.703176	0.707651	0.702163	0.72754	0.704703	0.705715	0.729108	0.737141	0.735163	0.723732	0.705281	0.705055	0.707356	0.73629	0.725059	0.707361	0.704657	0.706321	0.707964	0.702216	0.707378	0.704253	0.737739	0.722541	0.723364	0.7354	0.728968	0.73291	0.731204	0.73898	0.706317	0.706624	0.731756	0.70742	0.707183	0.704219	0.706024	0.704402	0.705829	0.704357	0.7052	0.702691	0.737439	0.732228	0.729422	0.730748	0.732359	0.728328	0.735672	0.733225	0.703273	0.725657	0.726794	0.701382	0.728953	0.705751	0.705288	0.705329
0.736013	0.713113	0.732838	0.733295	0.730377	1	0.711284	0.710446	0.730354	0.710396	0.710568	0.70145	0.709484	0.73141	0.730463	0.704	0.708354	0.708314	0.710125	0.744684	0.729931	0.708343	0.735905	0.710857	0.7076	0.706968	0.713345	0.731243	0.739395	0.730591	0.708748	0.712139	0.708357	0.71148	0.729211	0.71086	0.705616	0.729575	0.738053	0.737497	0.737402	0.739626	0.711326	0.70892	0.707541	0.739496	0.71102	0.715503	0.734071	0.738345	0.733482	0.739854	0.712708	0.708877	0.712861	0.727377	0.737255	0.711406	0.707716	0.706977	0.705485	0.707718	0.709967	0.711259	0.736357	0.723353	0.740653	0.739588	0.737784	0.737479	0.74222	0.731952	0.708788	0.711873	0.741035	0.712945	0.708542	0.714114	0.714105	0.712586	0.711298	0.708131	0.705619	0.706904	0.729058	0.736041	0.7323	0.736734	0.741458	0.737791	0.731884	0.736642	0.712748	0.726099	0.731567	0.706979	0.737402	0.710593	0.711832	0.706758
0.712646	0.759304	0.703039	0.709554	0.702841	0.711284	1	0.756461	0.713577	0.755648	0.758452	0.749947	0.759855	0.708807	0.709348	0.757609	0.754027	0.763789	0.750841	0.711186	0.706954	0.761689	0.712588	0.758885	0.758383	0.767311	0.758645	0.709191	0.707577	0.712584	0.75601	0.75236	0.755178	0.759059	0.705631	0.757271	0.755122	0.710419	0.711633	0.704106	0.704417	0.707249	0.751334	0.761078	0.763106	0.703625	0.75841	0.758979	0.705196	0.711156	0.713545	0.71011	0.757001	0.765199	0.752498	0.710417	0.709271	0.760066	0.760585	0.755633	0.756273	0.753866	0.759355	0.758183	0.708609	0.696145	0.71074	0.708925	0.713036	0.710815	0.712586	0.703403	0.754278	0.757846	0.708009	0.763969	0.749057	0.762083	0.760305	0.758916	0.750286	0.762226	0.754344	0.756636	0.706709	0.711142	0.709715	0.707452	0.706669	0.708658	0.71036	0.71059	0.762592	0.694887	0.712847	0.751623	0.709847	0.755541	0.763024	0.756443
0.709224	0.761429	0.702942	0.712464	0.71032	0.710446	0.756461	1	0.712534	0.750636	0.753451	0.734338	0.757221	0.709818	0.708214	0.751225	0.749301	0.758574	0.75588	0.707815	0.709968	0.750875	0.712096	0.74336	0.75599	0.747973	0.757711	0.714026	0.706372	0.716444	0.762294	0.751188	0.746574	0.748767	0.708018	0.751674	0.75606	0.707921	0.705946	0.703285	0.705965	0.711837	0.746902	0.749411	0.750209	0.708324	0.759514	0.751731	0.707637	0.710316	0.708359	0.709135	0.757556	0.759202	0.75925	0.7087	0.708739	0.76234	0.762277	0.752321	0.757122	0.753725	0.752351	0.750262	0.709523	0.696713	0.709598	0.710946	0.711537	0.711563	0.708806	0.704308	0.768152	0.760678	0.70931	0.755129	0.760137	0.756533	0.750283	0.75314	0.7564	0.752326	0.749816	0.747529	0.705278	0.711625	0.709857	0.709562	0.708559	0.709953	0.705418	0.708224	0.749107	0.692703	0.710379	0.75754	0.707085	0.754609	0.757986	0.750591
0.738016	0.712792	0.733649	0.732714	0.726058	0.730354	0.713577	0.712534	1	0.711095	0.709791	0.702895	0.712804	0.72376	0.732682	0.705849	0.70692	0.711949	0.709477	0.734543	0.733561	0.709047	0.73996	0.712408	0.71177	0.709082	0.708829	0.73579	0.748148	0.742604	0.709781	0.712909	0.710702	0.710624	0.733544	0.711175	0.710946	0.732559	0.735398	0.736195	0.727348	0.740457	0.711689	0.711053	0.711224	0.738199	0.713339	0.709586	0.73992	0.743671	0.739414	0.736449	0.710606	0.710986	0.712198	0.744317	0.738099	0.711013	0.707875	0.709489	0.708244	0.710913	0.710485	0.708196	0.744178	0.723696	0.735146	0.744281	0.73748	0.730866	0.741025	0.733497	0.709149	0.709315	0.731593	0.714803	0.708826	0.712829	0.715179	0.710217	0.70924	0.709385	0.708505	0.709364	0.737694	0.74213	0.733326	0.738517	0.73178	0.746228	0.749297	0.733917	0.710088	0.725014	0.735993	0.710083	0.733783	0.710027	0.709801	0.707548
0.70649	0.762908	0.699549	0.709998	0.705462	0.710396	0.755648	0.750636	0.711095	1	0.768306	0.724364	0.750989	0.71239	0.70388	0.756292	0.749972	0.766356	0.748945	0.707232	0.707511	0.751921	0.710963	0.760831	0.766537	0.755839	0.752392	0.708877	0.701773	0.708958	0.747994	0.759734	0.761282	0.752343	0.702113	0.757349	0.748532	0.707016	0.70676	0.702389	0.69945	0.706684	0.750031	0.758214	0.759214	0.701131	0.758089	0.760971	0.70195	0.708058	0.705748	0.709242	0.750451	0.759862	0.763239	0.708627	0.70732	0.748525	0.761749	0.75805	0.749759	0.757831	0.752193	0.754785	0.708733	0.694059	0.709041	0.708223	0.709203	0.709178	0.707606	0.70381	0.747736	0.752307	0.702962	0.752339	0.767073	0.745799	0.75183	0.756997	0.759767	0.749881	0.753509	0.759492	0.701661	0.709474	0.708524	0.706574	0.704431	0.707222	0.707665	0.708113	0.758044	0.692104	0.708369	0.745314	0.704253	0.756046	0.754541	0.746278
0.709009	0.754592	0.702197	0.709602	0.704575	0.710568	0.758452	0.753451	0.709791	0.768306	1	0.733137	0.74805	0.707688	0.709043	0.753438	0.754651	0.754381	0.751138	0.707633	0.71173	0.755411	0.711758	0.752263	0.764797	0.757169	0.754984	0.711388	0.708021	0.714557	0.765369	0.751664	0.748924	0.755865	0.709149	0.752371	0.754046	0.710341	0.711602	0.704039	0.707308	0.708034	0.759333	0.760572	0.761684	0.707059	0.766361	0.754829	0.708381	0.712372	0.710074	0.713591	0.757027	0.754152	0.758433	0.707818	0.708843	0.757835	0.765272	0.751671	0.745596	0.748744	0.748146	0.767654	0.707595	0.696277	0.706696	0.711167	0.710663	0.713315	0.70881	0.704915	0.751822	0.750577	0.707822	0.760401	0.748881	0.748253	0.759558	0.76472	0.758883	0.76301	0.752968	0.752033	0.705543	0.711684	0.711267	0.712247	0.706909	0.711202	0.709718	0.705856	0.751328	0.694582	0.71068	0.750564	0.706718	0.76561	0.759495	0.749769
0.704303	0.738479	0.695668	0.700869	0.696446	0.70145	0.749947	0.734338	0.702895	0.724364	0.733137	1	0.739341	0.699933	0.704087	0.73622	0.74038	0.73729	0.743213	0.700401	0.700423	0.743331	0.701286	0.736686	0.73092	0.738715	0.74297	0.700989	0.697632	0.702165	0.730634	0.733906	0.732194	0.736589	0.697238	0.739929	0.743316	0.69931	0.702882	0.695651	0.698879	0.700238	0.740293	0.736097	0.738425	0.69763	0.744809	0.732512	0.697717	0.70556	0.699831	0.703403	0.741544	0.735533	0.735388	0.701083	0.696953	0.740992	0.738801	0.742557	0.73317	0.734795	0.740216	0.739922	0.697965	0.694599	0.699687	0.699761	0.699126	0.700573	0.704033	0.69653	0.739126	0.728116	0.696067	0.740146	0.738936	0.744927	0.747658	0.73604	0.727446	0.732126	0.741031	0.736139	0.695877	0.70228	0.702194	0.703174	0.696903	0.699449	0.699109	0.697374	0.734348	0.692205	0.704916	0.735257	0.704265	0.741906	0.740803	0.728231
0.709789	0.754899	0.702455	0.710066	0.705733	0.709484	0.759855	0.757221	0.712804	0.750989	0.74805	0.739341	1	0.7098	0.705731	0.750174	0.757211	0.75772	0.757359	0.706507	0.705876	0.755545	0.711737	0.748253	0.758519	0.757964	0.754508	0.70508	0.705705	0.712638	0.748532	0.753763	0.746108	0.758328	0.705822	0.753584	0.754766	0.709388	0.708449	0.700491	0.706616	0.705836	0.751841	0.750403	0.770696	0.708002	0.764442	0.757004	0.704168	0.710611	0.706478	0.712256	0.76175	0.758225	0.753153	0.709641	0.70758	0.758087	0.756085	0.762081	0.753814	0.751004	0.755099	0.751773	0.708011	0.69656	0.705952	0.708419	0.70815	0.706128	0.706719	0.704907	0.759001	0.759598	0.706274	0.753844	0.752447	0.761002	0.754702	0.759492	0.755281	0.761597	0.752137	0.761632	0.706365	0.710189	0.707321	0.708757	0.709395	0.705486	0.706552	0.710304	0.762091	0.693965	0.711324	0.751062	0.704818	0.760756	0.754724	0.757134
0.730537	0.707289	0.732856	0.733484	0.730698	0.73141	0.708807	0.709818	0.72376	0.71239	0.707688	0.699933	0.7098	1	0.725464	0.708294	0.704617	0.706779	0.706973	0.730107	0.734155	0.701287	0.734024	0.709726	0.710834	0.705987	0.710857	0.726971	0.730512	0.732223	0.70898	0.70824	0.702746	0.709731	0.725831	0.70589	0.707078	0.731024	0.735443	0.727526	0.730224	0.73144	0.710249	0.708007	0.706751	0.729402	0.707274	0.707203	0.731437	0.732456	0.732403	0.736401	0.707622	0.707938	0.707481	0.728013	0.735467	0.710962	0.707389	0.708976	0.708567	0.709093	0.710812	0.707437	0.728633	0.722061	0.729979	0.724843	0.739362	0.734919	0.726488	0.728407	0.708589	0.70949	0.732602	0.712164	0.708756	0.707915	0.708753	0.706543	0.71126	0.70521	0.709602	0.71038	0.725887	0.731408	0.728436	0.731765	0.733015	0.732904	0.728394	0.730456	0.710507	0.724011	0.729311	0.708111	0.729972	0.709533	0.709488	0.704683
0.737253	0.709723	0.731985	0.73614	0.72971	0.730463	0.709348	0.708214	0.732682	0.70388	0.709043	0.704087	0.705731	0.725464	1	0.704072	0.706244	0.705557	0.70437	0.739676	0.736719	0.703799	0.736806	0.708035	0.705015	0.706184	0.709939	0.735039	0.73632	0.734523	0.705763	0.70735	0.707994	0.707171	0.741626	0.704771	0.705023	0.72996	0.731853	0.736113	0.73229	0.731213	0.705868	0.709199	0.705965	0.731001	0.707546	0.706004	0.724096	0.733646	0.741834	0.731548	0.707672	0.706535	0.710644	0.738555	0.734684	0.708666	0.705306	0.702579	0.710403	0.709451	0.709215	0.710197	0.733735	0.722481	0.732366	0.739257	0.732265	0.736022	0.728185	0.722759	0.708067	0.707675	0.733514	0.710793	0.707922	0.71087	0.706679	0.708486	0.707034	0.707092	0.7062	0.709034	0.733866	0.733769	0.732164	0.732379	0.735946	0.74262	0.740993	0.730906	0.706712	0.717736	0.73895	0.706771	0.735338	0.709757	0.707034	0.704637
0.708296	0.753857	0.70079	0.707319	0.699834	0.704	0.757609	0.751225	0.705849	0.756292	0.753438	0.73622	0.750174	0.708294	0.704072	1	0.752168	0.751102	0.752932	0.706094	0.70308	0.750988	0.709007	0.751742	0.752644	0.752646	0.762108	0.708237	0.704086	0.707954	0.767262	0.767619	0.753412	0.757715	0.705986	0.753659	0.751335	0.703936	0.707773	0.701552	0.701111	0.706004	0.756917	0.751813	0.752137	0.704487	0.76141	0.754657	0.699449	0.70699	0.704843	0.708298	0.749754	0.750142	0.753018	0.705822	0.708606	0.756748	0.758553	0.750364	0.752128	0.767413	0.755777	0.75964	0.704704	0.694021	0.705453	0.708186	0.705997	0.704617	0.706105	0.704995	0.749153	0.760839	0.705568	0.765102	0.754039	0.748283	0.743171	0.755828	0.752909	0.760974	0.761165	0.752453	0.700193	0.704732	0.705363	0.70707	0.70547	0.706028	0.705317	0.703694	0.753112	0.691822	0.704782	0.754521	0.705561	0.756214	0.7579	0.753352
0.706243	0.763042	0.699244	0.704187	0.704247	0.708354	0.754027	0.749301	0.70692	0.749972	0.754651	0.74038	0.757211	0.704617	0.706244	0.752168	1	0.75764	0.753507	0.707403	0.705298	0.75298	0.707433	0.764659	0.747934	0.758434	0.754254	0.705648	0.702811	0.707558	0.75914	0.758816	0.749515	0.759638	0.702647	0.74667	0.758406	0.705942	0.706587	0.701898	0.701307	0.705939	0.754985	0.753076	0.751832	0.703021	0.763178	0.745577	0.701593	0.708458	0.706913	0.705464	0.754073	0.753728	0.753654	0.705357	0.705373	0.757887	0.750473	0.762534	0.756337	0.760389	0.754102	0.749233	0.706315	0.69737	0.705448	0.707837	0.707129	0.704878	0.706374	0.702623	0.757976	0.753198	0.706807	0.760797	0.752057	0.748348	0.751688	0.755299	0.758816	0.763911	0.749066	0.758844	0.701288	0.707477	0.707385	0.707425	0.703813	0.704914	0.706164	0.702493	0.752095	0.69558	0.70851	0.747783	0.704833	0.759883	0.758916	0.75372
0.705105	0.763771	0.701622	0.708696	0.705586	0.708314	0.763789	0.758574	0.711949	0.766356	0.754381	0.73729	0.75772	0.706779	0.705557	0.751102	0.75764	1	0.764003	0.706145	0.706601	0.757121	0.711897	0.758655	0.760995	0.753858	0.761567	0.706674	0.706238	0.710488	0.758247	0.760849	0.753036	0.757423	0.704901	0.744355	0.767665	0.708603	0.70917	0.703326	0.702953	0.706687	0.752331	0.75705	0.760544	0.70452	0.755705	0.772393	0.705328	0.710384	0.708812	0.706696	0.751676	0.75703	0.757793	0.710859	0.710015	0.763387	0.764405	0.754579	0.75723	0.753986	0.754611	0.761453	0.708361	0.693621	0.708487	0.707667	0.709606	0.707227	0.70905	0.706674	0.758818	0.745977	0.709773	0.757112	0.76376	0.757883	0.75364	0.759656	0.750067	0.753628	0.748439	0.758377	0.706771	0.710355	0.70705	0.707291	0.705115	0.706861	0.706827	0.707937	0.758825	0.692445	0.706525	0.743427	0.706874	0.753487	0.755531	0.750796
0.704979	0.762263	0.698798	0.708185	0.700789	0.710125	0.750841	0.75588	0.709477	0.748945	0.751138	0.743213	0.757359	0.706973	0.70437	0.752932	0.753507	0.764003	1	0.70284	0.701147	0.749598	0.706334	0.740891	0.747641	0.75539	0.759692	0.703809	0.701463	0.710136	0.756615	0.750428	0.755914	0.758734	0.702557	0.749894	0.749071	0.704451	0.708421	0.698727	0.701853	0.703924	0.757874	0.756876	0.754096	0.705439	0.760077	0.756273	0.699599	0.707593	0.703848	0.70603	0.760662	0.755249	0.74552	0.704996	0.707832	0.754337	0.758434	0.757746	0.758222	0.752957	0.74805	0.753656	0.704067	0.695024	0.706105	0.707743	0.707682	0.702154	0.702902	0.702994	0.757171	0.747989	0.703626	0.758199	0.755406	0.748849	0.762919	0.744416	0.745891	0.754847	0.751921	0.758976	0.701456	0.70639	0.706912	0.70637	0.703726	0.703681	0.706479	0.7011	0.754494	0.691126	0.702285	0.744688	0.703877	0.754	0.758934	0.749204
0.747784	0.709197	0.729947	0.738008	0.731458	0.744684	0.711186	0.707815	0.734543	0.707232	0.707633	0.700401	0.706507	0.730107	0.739676	0.706094	0.707403	0.706145	0.70284	1	0.732258	0.70591	0.736027	0.709531	0.70631	0.705734	0.711485	0.738597	0.738293	0.737882	0.707149	0.708158	0.708258	0.70959	0.732188	0.706575	0.708438	0.735905	0.744148	0.734518	0.737839	0.738065	0.708482	0.707551	0.704644	0.736821	0.710156	0.707393	0.733799	0.738407	0.738012	0.73675	0.709417	0.706329	0.711021	0.728266	0.738304	0.706628	0.707492	0.708185	0.709081	0.70919	0.709315	0.708833	0.741922	0.722561	0.735339	0.738122	0.738576	0.738563	0.732449	0.728021	0.707836	0.708729	0.740608	0.713454	0.708473	0.709458	0.709911	0.709833	0.707248	0.708097	0.707505	0.706289	0.738104	0.736399	0.734168	0.740859	0.737195	0.752907	0.741721	0.738144	0.70625	0.73256	0.730086	0.709817	0.735818	0.704526	0.706387	0.704965
0.737515	0.707678	0.732663	0.738947	0.73091	0.729931	0.706954	0.709968	0.733561	0.707511	0.71173	0.700423	0.705876	0.734155	0.736719	0.70308	0.705298	0.706601	0.701147	0.732258	1	0.703091	0.736107	0.70805	0.707476	0.703146	0.707932	0.734852	0.733184	0.733464	0.709121	0.70946	0.708076	0.706091	0.738615	0.70378	0.707776	0.738738	0.733645	0.736702	0.73107	0.737324	0.705803	0.705281	0.70589	0.736859	0.708226	0.70744	0.738701	0.745539	0.740624	0.737984	0.706091	0.705857	0.711114	0.729774	0.726887	0.711525	0.705971	0.705031	0.707074	0.706054	0.708753	0.706262	0.731171	0.72183	0.735299	0.732739	0.737534	0.742199	0.732007	0.728059	0.707435	0.708089	0.74616	0.711425	0.710009	0.707652	0.707845	0.70962	0.706331	0.706146	0.70595	0.703413	0.736203	0.739182	0.735659	0.746411	0.736021	0.73914	0.733555	0.733734	0.707374	0.724009	0.738531	0.709804	0.737112	0.710004	0.706927	0.708141
0.707449	0.748006	0.696023	0.708477	0.702172	0.708343	0.761689	0.750875	0.709047	0.751921	0.755411	0.743331	0.755545	0.701287	0.703799	0.750988	0.75298	0.757121	0.749598	0.70591	0.703091	1	0.706452	0.75237	0.756221	0.754022	0.759324	0.70826	0.704678	0.709512	0.75337	0.756145	0.746948	0.760938	0.70519	0.74964	0.754031	0.704058	0.71038	0.701087	0.70097	0.703813	0.759312	0.763592	0.763888	0.702782	0.749848	0.754801	0.703799	0.711162	0.705569	0.706682	0.760419	0.760246	0.753056	0.706238	0.702247	0.758048	0.750304	0.747221	0.759246	0.750749	0.749383	0.759891	0.707036	0.689584	0.702946	0.706364	0.706264	0.706781	0.709087	0.701177	0.757054	0.751316	0.70361	0.751618	0.753684	0.756697	0.759374	0.746134	0.750007	0.753259	0.767433	0.751554	0.701029	0.705891	0.706711	0.708425	0.702636	0.704994	0.708522	0.706018	0.760716	0.689386	0.708312	0.749323	0.703229	0.752797	0.753876	0.757487
0.738335	0.712937	0.729326	0.742043	0.734903	0.735905	0.712588	0.712096	0.73996	0.710963	0.711758	0.701286	0.711737	0.734024	0.736806	0.709007	0.707433	0.711897	0.706334	0.736027	0.736107	0.706452	1	0.712285	0.7105	0.709238	0.713663	0.744211	0.746229	0.735311	0.709151	0.711504	0.708798	0.713253	0.739004	0.709338	0.708785	0.73596	0.738378	0.737958	0.734031	0.731308	0.712929	0.707611	0.709919	0.732743	0.712299	0.711186	0.736067	0.741207	0.742932	0.73942	0.706113	0.708519	0.712612	0.73475	0.741725	0.709609	0.712348	0.70916	0.710222	0.710205	0.712109	0.711047	0.738694	0.722092	0.740613	0.73649	0.737461	0.735947	0.734492	0.726996	0.710494	0.714268	0.740603	0.713902	0.715478	0.716476	0.711791	0.709077	0.70749	0.710148	0.709303	0.709509	0.73705	0.734542	0.736455	0.738748	0.743311	0.746425	0.74369	0.748836	0.708843	0.728844	0.7348	0.708003	0.731601	0.713564	0.710399	0.708008
0.710471	0.758503	0.704049	0.710498	0.706493	0.710857	0.758885	0.74336	0.712408	0.760831	0.752263	0.736686	0.748253	0.709726	0.708035	0.751742	0.764659	0.758655	0.740891	0.709531	0.70805	0.75237	0.712285	1	0.752245	0.749665	0.752661	0.711337	0.710555	0.708177	0.749323	0.757645	0.755895	0.759351	0.707672	0.74886	0.75501	0.713535	0.71192	0.704371	0.703766	0.709289	0.752231	0.754158	0.750321	0.709491	0.752746	0.759046	0.70674	0.713725	0.711149	0.713658	0.749282	0.758453	0.754055	0.711245	0.712098	0.752554	0.743317	0.75308	0.763019	0.760186	0.758642	0.763193	0.708564	0.697142	0.709664	0.711599	0.708841	0.710675	0.709394	0.707334	0.751536	0.753802	0.709646	0.752216	0.756197	0.757791	0.757336	0.760632	0.752037	0.754927	0.745233	0.755364	0.70374	0.713996	0.709986	0.710478	0.705189	0.708724	0.711208	0.709197	0.757006	0.695721	0.70979	0.752242	0.708085	0.757653	0.761028	0.749646
0.708614	0.758422	0.702068	0.707853	0.708476	0.7076	0.758383	0.75599	0.71177	0.766537	0.764797	0.73092	0.758519	0.710834	0.705015	0.752644	0.747934	0.760995	0.747641	0.70631	0.707476	0.756221	0.7105	0.752245	1	0.757945	0.751313	0.707823	0.705996	0.713	0.755445	0.761637	0.755101	0.75331	0.707575	0.757095	0.748959	0.708019	0.709712	0.708093	0.706854	0.70717	0.756102	0.751134	0.754029	0.706568	0.759874	0.763424	0.704431	0.712836	0.707188	0.71205	0.759047	0.75761	0.755572	0.711176	0.708601	0.754642	0.753451	0.750441	0.756588	0.748763	0.755279	0.755085	0.708097	0.693739	0.709694	0.709272	0.70974	0.706399	0.710334	0.705215	0.745565	0.753375	0.70765	0.751653	0.755092	0.744827	0.751191	0.756515	0.754843	0.756043	0.75319	0.760665	0.705512	0.710967	0.707214	0.710971	0.706901	0.708414	0.706449	0.711214	0.7518	0.694143	0.708766	0.749277	0.70747	0.75463	0.747828	0.759637
0.703834	0.754457	0.701005	0.710446	0.700665	0.706968	0.767311	0.747973	0.709082	0.755839	0.757169	0.738715	0.757964	0.705987	0.706184	0.752646	0.758434	0.753858	0.75539	0.705734	0.703146	0.754022	0.709238	0.749665	0.757945	1	0.750879	0.70669	0.701325	0.708168	0.748828	0.751094	0.765988	0.757671	0.700983	0.751989	0.748048	0.705001	0.709644	0.70026	0.702176	0.705187	0.754502	0.759562	0.756448	0.702216	0.763775	0.74635	0.704196	0.707432	0.7057	0.710436	0.752255	0.76137	0.756586	0.708271	0.704213	0.749644	0.763519	0.764319	0.743664	0.75466	0.751493	0.748676	0.704175	0.691585	0.705759	0.702504	0.709399	0.703781	0.707717	0.702569	0.755609	0.755847	0.701138	0.759015	0.753921	0.762818	0.75401	0.754045	0.753323	0.753791	0.762327	0.764855	0.701572	0.709529	0.705559	0.708816	0.704076	0.706438	0.71032	0.705744	0.75917	0.68989	0.704891	0.747337	0.70132	0.756365	0.74648	0.759568
0.712279	0.809556	0.705227	0.712671	0.706425	0.713345	0.758645	0.757711	0.708829	0.752392	0.754984	0.74297	0.754508	0.710857	0.709939	0.762108	0.754254	0.761567	0.759692	0.711485	0.707932	0.759324	0.713663	0.752661	0.751313	0.750879	1	0.712429	0.70856	0.714069	0.76627	0.7606	0.748361	0.765733	0.708694	0.754565	0.761165	0.709255	0.711164	0.702845	0.706919	0.708076	0.763032	0.754226	0.756956	0.707491	0.75529	0.755334	0.708455	0.713917	0.70898	0.710151	0.747188	0.754618	0.763828	0.710093	0.70914	0.760558	0.776339	0.753488	0.760534	0.769215	0.753919	0.753678	0.709474	0.69554	0.710726	0.712228	0.710964	0.709485	0.710234	0.705991	0.764531	0.752792	0.711171	0.760348	0.761397	0.753604	0.754124	0.753047	0.75396	0.756259	0.758138	0.753205	0.706534	0.712366	0.713499	0.709538	0.710253	0.706429	0.708759	0.708474	0.764637	0.69584	0.710191	0.748368	0.710375	0.763118	0.761986	0.753558
0.745048	0.70963	0.731455	0.736191	0.730434	0.731243	0.709191	0.714026	0.73579	0.708877	0.711388	0.700989	0.70508	0.726971	0.735039	0.708237	0.705648	0.706674	0.703809	0.738597	0.734852	0.70826	0.744211	0.711337	0.707823	0.70669	0.712429	1	0.738245	0.732595	0.70779	0.705845	0.708469	0.704984	0.729303	0.705861	0.70611	0.733857	0.740001	0.731295	0.743177	0.74121	0.70839	0.708065	0.7087	0.730086	0.706756	0.70683	0.738082	0.741321	0.737944	0.737344	0.707267	0.709034	0.710843	0.737444	0.730295	0.70821	0.706442	0.705066	0.709704	0.708062	0.70712	0.705541	0.73754	0.729042	0.734554	0.735329	0.736843	0.749755	0.730161	0.729543	0.710532	0.709881	0.729676	0.713015	0.70725	0.71013	0.709317	0.709495	0.706913	0.704798	0.70936	0.708843	0.735744	0.736895	0.739408	0.738736	0.734575	0.745434	0.741287	0.735129	0.705214	0.732118	0.736254	0.706949	0.743069	0.707223	0.706806	0.705144
0.73824	0.705425	0.741451	0.735286	0.734845	0.739395	0.707577	0.706372	0.748148	0.701773	0.708021	0.697632	0.705705	0.730512	0.73632	0.704086	0.702811	0.706238	0.701463	0.738293	0.733184	0.704678	0.746229	0.710555	0.705996	0.701325	0.70856	0.738245	1	0.741845	0.705779	0.707188	0.704398	0.708461	0.741197	0.70593	0.704552	0.742724	0.745925	0.746733	0.734733	0.73809	0.705712	0.703966	0.703751	0.738529	0.709013	0.707777	0.743077	0.743545	0.743893	0.737034	0.706555	0.704531	0.709061	0.741684	0.736708	0.707636	0.706642	0.705575	0.706102	0.705628	0.705784	0.704556	0.743724	0.727372	0.735872	0.7376	0.731081	0.739559	0.737137	0.733262	0.70613	0.706034	0.739565	0.709336	0.70864	0.708701	0.708573	0.705738	0.704539	0.704563	0.705566	0.702904	0.742493	0.736201	0.735659	0.738451	0.745914	0.741774	0.738119	0.741486	0.704864	0.730318	0.746164	0.705711	0.739276	0.706511	0.70465	0.707774
0.730213	0.712771	0.730086	0.738764	0.732533	0.730591	0.712584	0.716444	0.742604	0.708958	0.714557	0.702165	0.712638	0.732223	0.734523	0.707954	0.707558	0.710488	0.710136	0.737882	0.733464	0.709512	0.735311	0.708177	0.713	0.708168	0.714069	0.732595	0.741845	1	0.714859	0.710781	0.710243	0.711485	0.738741	0.709252	0.708182	0.74036	0.737241	0.731117	0.736451	0.738064	0.711001	0.710901	0.707426	0.732328	0.71025	0.711035	0.739733	0.744055	0.737421	0.737534	0.714296	0.710636	0.712821	0.737799	0.730089	0.710937	0.714123	0.70913	0.713685	0.710749	0.712513	0.710263	0.745999	0.719808	0.730182	0.736892	0.735923	0.732668	0.733157	0.729926	0.711092	0.711222	0.734206	0.71665	0.711402	0.714561	0.713314	0.712749	0.712247	0.709319	0.712657	0.711512	0.740005	0.738413	0.732201	0.727338	0.736806	0.74068	0.739831	0.736938	0.711427	0.718856	0.732681	0.7105	0.730992	0.710787	0.710711	0.708152
0.707075	0.75962	0.698435	0.706507	0.702358	0.708748	0.75601	0.762294	0.709781	0.747994	0.765369	0.730634	0.748532	0.70898	0.705763	0.767262	0.75914	0.758247	0.756615	0.707149	0.709121	0.75337	0.709151	0.749323	0.755445	0.748828	0.76627	0.70779	0.705779	0.714859	1	0.749094	0.751854	0.758848	0.70667	0.755581	0.754295	0.703348	0.707688	0.701492	0.706259	0.708298	0.754851	0.75439	0.749507	0.703449	0.755817	0.753699	0.703329	0.708537	0.709796	0.710765	0.753294	0.753582	0.749255	0.707538	0.708276	0.757802	0.764935	0.757116	0.75628	0.761292	0.75272	0.752962	0.707005	0.696019	0.707959	0.708942	0.710119	0.707336	0.707965	0.70111	0.757173	0.756372	0.709053	0.757064	0.758262	0.745424	0.757153	0.755152	0.761827	0.757038	0.746697	0.75262	0.70229	0.707317	0.706999	0.707942	0.703947	0.706998	0.707286	0.705048	0.744906	0.691321	0.708835	0.756091	0.70743	0.760213	0.762964	0.755673
0.71007	0.754732	0.704091	0.71031	0.703542	0.712139	0.75236	0.751188	0.712909	0.759734	0.751664	0.733906	0.753763	0.70824	0.70735	0.767619	0.758816	0.760849	0.750428	0.708158	0.70946	0.756145	0.711504	0.757645	0.761637	0.751094	0.7606	0.705845	0.707188	0.710781	0.749094	1	0.752347	0.756663	0.704666	0.746553	0.75971	0.708564	0.712938	0.702537	0.706012	0.709433	0.756531	0.75243	0.754229	0.705308	0.755312	0.755041	0.703066	0.713073	0.708157	0.708626	0.754314	0.754861	0.755495	0.708588	0.708165	0.756222	0.74829	0.752466	0.765495	0.755972	0.747442	0.753408	0.705555	0.693967	0.707496	0.70913	0.709201	0.70867	0.711462	0.707759	0.752265	0.753445	0.708361	0.752928	0.761841	0.747324	0.74824	0.758287	0.750823	0.76136	0.753863	0.747656	0.70585	0.711317	0.706842	0.712085	0.707698	0.706761	0.707604	0.709655	0.763524	0.694848	0.709662	0.749285	0.707101	0.760945	0.761095	0.757765
0.704517	0.755754	0.700933	0.709297	0.702967	0.708357	0.755178	0.746574	0.710702	0.761282	0.748924	0.732194	0.746108	0.702746	0.707994	0.753412	0.749515	0.753036	0.755914	0.708258	0.708076	0.746948	0.708798	0.755895	0.755101	0.765988	0.748361	0.708469	0.704398	0.710243	0.751854	0.752347	1	0.757486	0.705319	0.754946	0.749303	0.707388	0.71183	0.700954	0.701087	0.706946	0.747582	0.758913	0.755843	0.703411	0.752553	0.759446	0.701162	0.710491	0.705844	0.708148	0.75121	0.762009	0.753516	0.70789	0.704195	0.743256	0.754272	0.749454	0.749159	0.756768	0.755734	0.747943	0.707003	0.693003	0.708638	0.708037	0.707214	0.705823	0.70701	0.7025	0.739538	0.758921	0.702406	0.755093	0.753293	0.753126	0.756013	0.755965	0.752583	0.752791	0.75475	0.756714	0.700651	0.708839	0.708162	0.711922	0.706644	0.707637	0.709782	0.705335	0.745352	0.691126	0.707347	0.750541	0.704778	0.753637	0.751935	0.754918
0.710115	0.762083	0.703457	0.710984	0.706196	0.71148	0.759059	0.748767	0.710624	0.752343	0.755865	0.736589	0.758328	0.709731	0.707171	0.757715	0.759638	0.757423	0.758734	0.70959	0.706091	0.760938	0.713253	0.759351	0.75331	0.757671	0.765733	0.704984	0.708461	0.711485	0.758848	0.756663	0.757486	1	0.709536	0.747728	0.756651	0.707111	0.711934	0.70573	0.706709	0.708937	0.759786	0.748529	0.762432	0.709182	0.753101	0.761645	0.705043	0.709393	0.710055	0.708913	0.754721	0.754378	0.757638	0.704985	0.70934	0.761591	0.76588	0.753135	0.762756	0.755428	0.752139	0.762729	0.708625	0.695583	0.709576	0.710357	0.710888	0.709138	0.711938	0.702904	0.754191	0.762564	0.707253	0.765301	0.759046	0.760226	0.757306	0.752748	0.754981	0.765064	0.761614	0.761155	0.704788	0.712157	0.710053	0.707892	0.706663	0.70723	0.707898	0.706134	0.763615	0.695219	0.710331	0.751019	0.708082	0.759942	0.754685	0.746302
0.740887	0.708832	0.741631	0.732796	0.732713	0.729211	0.705631	0.708018	0.733544	0.702113	0.709149	0.697238	0.705822	0.725831	0.741626	0.705986	0.702647	0.704901	0.702557	0.732188	0.738615	0.70519	0.739004	0.707672	0.707575	0.700983	0.708694	0.729303	0.741197	0.738741	0.70667	0.704666	0.705319	0.709536	1	0.706731	0.708684	0.728548	0.731312	0.73855	0.73736	0.729566	0.706029	0.703094	0.704855	0.738305	0.707865	0.705134	0.734087	0.741506	0.740242	0.739392	0.704992	0.70423	0.706775	0.740521	0.735402	0.704802	0.70564	0.701866	0.704027	0.706812	0.709087	0.705873	0.739566	0.720853	0.739651	0.7377	0.736505	0.735586	0.736048	0.73301	0.706576	0.708248	0.738412	0.709206	0.708283	0.707581	0.708979	0.708018	0.705945	0.707282	0.705607	0.705291	0.73714	0.737356	0.736602	0.735723	0.744677	0.743084	0.747177	0.735237	0.702706	0.728393	0.740271	0.705176	0.736139	0.708967	0.706308	0.703038
0.706955	0.759771	0.701654	0.706844	0.704372	0.71086	0.757271	0.751674	0.711175	0.757349	0.752371	0.739929	0.753584	0.70589	0.704771	0.753659	0.74667	0.744355	0.749894	0.706575	0.70378	0.74964	0.709338	0.74886	0.757095	0.751989	0.754565	0.705861	0.70593	0.709252	0.755581	0.746553	0.754946	0.747728	0.706731	1	0.747634	0.707304	0.709475	0.704778	0.704116	0.704542	0.756545	0.755496	0.755295	0.708991	0.75971	0.754067	0.703455	0.711382	0.706434	0.709405	0.762521	0.756736	0.749589	0.709666	0.707581	0.750841	0.752212	0.763028	0.755604	0.755531	0.755291	0.750667	0.701606	0.692494	0.706922	0.708803	0.709312	0.705452	0.705451	0.704406	0.758593	0.754438	0.70618	0.752864	0.753165	0.756281	0.766112	0.756372	0.75933	0.757148	0.756913	0.761222	0.701565	0.70903	0.708003	0.709774	0.706197	0.707225	0.709916	0.707236	0.747492	0.690311	0.707133	0.753739	0.704521	0.750505	0.759251	0.751798
0.707666	0.75624	0.701947	0.710954	0.703083	0.705616	0.755122	0.75606	0.710946	0.748532	0.754046	0.743316	0.754766	0.707078	0.705023	0.751335	0.758406	0.767665	0.749071	0.708438	0.707776	0.754031	0.708785	0.75501	0.748959	0.748048	0.761165	0.70611	0.704552	0.708182	0.754295	0.75971	0.749303	0.756651	0.708684	0.747634	1	0.708002	0.708108	0.703339	0.702606	0.705815	0.755045	0.749599	0.7545	0.705313	0.756495	0.748397	0.701729	0.707678	0.708672	0.708394	0.753189	0.751844	0.760406	0.70689	0.706845	0.754188	0.759388	0.747648	0.755128	0.760452	0.760621	0.748859	0.704583	0.691992	0.705492	0.707909	0.707379	0.708744	0.70894	0.704562	0.758952	0.748862	0.7042	0.756619	0.755044	0.757642	0.756304	0.748211	0.756624	0.758338	0.75577	0.756756	0.702983	0.709253	0.707024	0.709788	0.706995	0.703477	0.706345	0.709248	0.754063	0.690007	0.704989	0.75365	0.704649	0.755451	0.75337	0.753234
0.737785	0.708455	0.737842	0.739225	0.739047	0.729575	0.710419	0.707921	0.732559	0.707016	0.710341	0.69931	0.709388	0.731024	0.72996	0.703936	0.705942	0.708603	0.704451	0.735905	0.738738	0.704058	0.73596	0.713535	0.708019	0.705001	0.709255	0.733857	0.742724	0.74036	0.703348	0.708564	0.707388	0.707111	0.728548	0.707304	0.708002	1	0.737115	0.739084	0.734388	0.740679	0.711239	0.709073	0.705925	0.732524	0.70776	0.708212	0.739192	0.744276	0.736186	0.737266	0.710549	0.706872	0.713018	0.740246	0.732335	0.708673	0.707934	0.705695	0.707386	0.708734	0.706964	0.710122	0.733142	0.727392	0.724164	0.734507	0.736532	0.735379	0.730854	0.725976	0.709115	0.707179	0.742382	0.71053	0.709171	0.708777	0.706659	0.708814	0.706551	0.707496	0.707272	0.708372	0.735839	0.734436	0.733186	0.737834	0.747559	0.735361	0.743681	0.738507	0.710392	0.729421	0.73609	0.705731	0.727181	0.712585	0.706141	0.709463
0.751841	0.709884	0.737447	0.734716	0.726786	0.738053	0.711633	0.705946	0.735398	0.70676	0.711602	0.702882	0.708449	0.735443	0.731853	0.707773	0.706587	0.70917	0.708421	0.744148	0.733645	0.71038	0.738378	0.71192	0.709712	0.709644	0.711164	0.740001	0.745925	0.737241	0.707688	0.712938	0.71183	0.711934	0.731312	0.709475	0.708108	0.737115	1	0.740385	0.747496	0.7354	0.707971	0.70859	0.70783	0.735403	0.713065	0.708847	0.740138	0.743134	0.739256	0.730775	0.708001	0.709922	0.709141	0.736484	0.743579	0.709452	0.710925	0.709956	0.711685	0.711598	0.711208	0.709797	0.739713	0.731002	0.746099	0.736916	0.739985	0.738937	0.736741	0.727664	0.709737	0.710376	0.742711	0.714174	0.709325	0.71347	0.710296	0.707859	0.711883	0.708639	0.709718	0.711328	0.735232	0.739681	0.731666	0.746373	0.737714	0.737794	0.735094	0.73942	0.710136	0.731981	0.740615	0.70569	0.735936	0.709945	0.708897	0.706699
0.728615	0.705653	0.734941	0.733741	0.734538	0.737497	0.704106	0.703285	0.736195	0.702389	0.704039	0.695651	0.700491	0.727526	0.736113	0.701552	0.701898	0.703326	0.698727	0.734518	0.736702	0.701087	0.737958	0.704371	0.708093	0.70026	0.702845	0.731295	0.746733	0.731117	0.701492	0.702537	0.700954	0.70573	0.73855	0.704778	0.703339	0.739084	0.740385	1	0.731498	0.733511	0.704488	0.701653	0.701434	0.745414	0.7009	0.70173	0.734266	0.736908	0.733132	0.737884	0.700384	0.70019	0.708549	0.72734	0.733829	0.702136	0.701912	0.703796	0.704241	0.702762	0.705829	0.702231	0.733521	0.732881	0.73158	0.736496	0.730066	0.738213	0.738156	0.730897	0.705013	0.703963	0.739859	0.703184	0.704809	0.707672	0.706123	0.704293	0.701254	0.701664	0.704154	0.702241	0.739134	0.734455	0.734143	0.73824	0.744752	0.735401	0.735194	0.741079	0.703594	0.729764	0.736126	0.701471	0.732272	0.704964	0.700005	0.700918
0.742639	0.706681	0.735272	0.731305	0.729192	0.737402	0.704417	0.705965	0.727348	0.69945	0.707308	0.698879	0.706616	0.730224	0.73229	0.701111	0.701307	0.702953	0.701853	0.737839	0.73107	0.70097	0.734031	0.703766	0.706854	0.702176	0.706919	0.743177	0.734733	0.736451	0.706259	0.706012	0.701087	0.706709	0.73736	0.704116	0.702606	0.734388	0.747496	0.731498	1	0.735337	0.703965	0.701704	0.704801	0.734031	0.702476	0.702048	0.735583	0.732901	0.740063	0.731689	0.70416	0.702698	0.707224	0.740756	0.730583	0.702721	0.70651	0.703506	0.704997	0.702623	0.703444	0.70456	0.734181	0.728624	0.732981	0.735232	0.735354	0.741366	0.737721	0.723668	0.708697	0.705145	0.739514	0.708401	0.703571	0.709191	0.708327	0.702704	0.703651	0.703254	0.706886	0.707806	0.744454	0.739325	0.729823	0.733756	0.740884	0.74284	0.736887	0.730713	0.701218	0.732122	0.744006	0.704589	0.733606	0.70561	0.703954	0.703439
0.740029	0.709162	0.732301	0.737109	0.735323	0.739626	0.707249	0.711837	0.740457	0.706684	0.708034	0.700238	0.705836	0.73144	0.731213	0.706004	0.705939	0.706687	0.703924	0.738065	0.737324	0.703813	0.731308	0.709289	0.70717	0.705187	0.708076	0.74121	0.73809	0.738064	0.708298	0.709433	0.706946	0.708937	0.729566	0.704542	0.705815	0.740679	0.7354	0.733511	0.735337	1	0.705648	0.706981	0.705555	0.736021	0.709917	0.706579	0.733005	0.735904	0.734328	0.737389	0.708613	0.708254	0.71137	0.738205	0.73489	0.7064	0.706083	0.70482	0.709122	0.706084	0.706996	0.704296	0.735034	0.731002	0.726867	0.734972	0.734488	0.737414	0.73992	0.731686	0.707727	0.707638	0.738508	0.711811	0.707167	0.708235	0.70476	0.707538	0.706788	0.706446	0.706649	0.705769	0.735882	0.734252	0.734636	0.735968	0.739992	0.73924	0.735268	0.730815	0.707088	0.71857	0.732636	0.708054	0.746507	0.709449	0.706669	0.70522
0.709248	0.754676	0.704864	0.710346	0.703176	0.711326	0.751334	0.746902	0.711689	0.750031	0.759333	0.740293	0.751841	0.710249	0.705868	0.756917	0.754985	0.752331	0.757874	0.708482	0.705803	0.759312	0.712929	0.752231	0.756102	0.754502	0.763032	0.70839	0.705712	0.711001	0.754851	0.756531	0.747582	0.759786	0.706029	0.756545	0.755045	0.711239	0.707971	0.704488	0.703965	0.705648	1	0.759063	0.749791	0.704777	0.758325	0.749368	0.703091	0.70802	0.711225	0.712092	0.756448	0.755312	0.751628	0.707155	0.706595	0.753162	0.754311	0.758948	0.759839	0.75292	0.749707	0.762918	0.70708	0.695501	0.704285	0.7087	0.709419	0.706191	0.707785	0.7051	0.754753	0.753821	0.705225	0.756175	0.753207	0.765618	0.76021	0.748504	0.748653	0.761345	0.75832	0.753399	0.705059	0.708331	0.709201	0.712654	0.704949	0.708679	0.70884	0.709175	0.753787	0.699326	0.709135	0.742825	0.706635	0.766006	0.750162	0.758463
0.710906	0.747971	0.697846	0.709473	0.707651	0.70892	0.761078	0.749411	0.711053	0.758214	0.760572	0.736097	0.750403	0.708007	0.709199	0.751813	0.753076	0.75705	0.756876	0.707551	0.705281	0.763592	0.707611	0.754158	0.751134	0.759562	0.754226	0.708065	0.703966	0.710901	0.75439	0.75243	0.758913	0.748529	0.703094	0.755496	0.749599	0.709073	0.70859	0.701653	0.701704	0.706981	0.759063	1	0.749609	0.705087	0.747289	0.75824	0.703993	0.709213	0.705829	0.70817	0.748092	0.756448	0.752365	0.709099	0.705042	0.741799	0.744342	0.752793	0.756454	0.740084	0.75415	0.752162	0.708895	0.693287	0.704786	0.707115	0.709013	0.710601	0.704858	0.704421	0.750032	0.753614	0.702016	0.746789	0.74495	0.751291	0.753592	0.748666	0.752866	0.749192	0.753636	0.754425	0.703727	0.706461	0.708017	0.706886	0.704914	0.707056	0.707234	0.703748	0.761695	0.692924	0.710227	0.745005	0.70272	0.757353	0.75359	0.749966
0.707455	0.757177	0.69863	0.708239	0.702163	0.707541	0.763106	0.750209	0.711224	0.759214	0.761684	0.738425	0.770696	0.706751	0.705965	0.752137	0.751832	0.760544	0.754096	0.704644	0.70589	0.763888	0.709919	0.750321	0.754029	0.756448	0.756956	0.7087	0.703751	0.707426	0.749507	0.754229	0.755843	0.762432	0.704855	0.755295	0.7545	0.705925	0.70783	0.701434	0.704801	0.705555	0.749791	0.749609	1	0.703132	0.758022	0.757003	0.701087	0.70983	0.705247	0.707069	0.74925	0.755246	0.759002	0.703227	0.705035	0.761758	0.755313	0.752425	0.752191	0.754596	0.756424	0.751532	0.706332	0.69373	0.705768	0.706809	0.70403	0.707757	0.703951	0.701082	0.750897	0.756304	0.705781	0.757605	0.753478	0.756607	0.752228	0.750255	0.747916	0.749624	0.758336	0.753822	0.702992	0.707417	0.707405	0.708644	0.703732	0.708602	0.707139	0.706693	0.76416	0.693087	0.708664	0.746721	0.7024	0.7512	0.753421	0.756289
