1	0.722208	0.728612	0.697287	0.694211	0.700933	0.731183	0.697521	0.696791	0.695883
0.722208	1	0.733217	0.698128	0.702231	0.698586	0.736472	0.70617	0.704475	0.701982
0.728612	0.733217	1	0.705145	0.702746	0.705138	0.730304	0.709766	0.706109	0.709038
0.697287	0.698128	0.705145	1	0.751214	0.758855	0.696423	0.758648	0.754745	0.74546
0.694211	0.702231	0.702746	0.751214	1	0.755005	0.702104	0.75453	0.75948	0.755021
0.700933	0.698586	0.705138	0.758855	0.755005	1	0.698039	0.764095	0.753912	0.748996
0.731183	0.736472	0.730304	0.696423	0.702104	0.698039	1	0.704519	0.702395	0.702498
0.697521	0.70617	0.709766	0.758648	0.75453	0.764095	0.704519	1	0.766709	0.755058
0.696791	0.704475	0.706109	0.754745	0.75948	0.753912	0.702395	0.766709	1	0.753289
0.695883	0.701982	0.709038	0.74546	0.755021	0.748996	0.702498	0.755058	0.753289	1
