1	0.720305	0.72889	0.720852	0.72581	0.728007	0.720582	0.727105	0.737998	0.727304	0.728164	0.735089	0.727659	0.71975	0.730472	0.727484	0.742444	0.717007	0.732561	0.729522	0.718174	0.723881	0.724644	0.732775	0.727614	0.73573	0.722537	0.723126	0.723597	0.723508	0.729256	0.732679	0.730728	0.720923	0.714599	0.727809	0.729311	0.72616	0.725054	0.730851	0.727295	0.734444	0.731015	0.725279	0.729151	0.731773	0.733717
0.720305	1	0.727245	0.715432	0.721735	0.722592	0.721826	0.720903	0.71859	0.721413	0.717838	0.720174	0.7303	0.718885	0.730566	0.726658	0.726873	0.72247	0.724121	0.720989	0.729872	0.715095	0.730395	0.731028	0.725988	0.734523	0.723269	0.726043	0.713959	0.730496	0.718654	0.730493	0.723649	0.731738	0.727189	0.723553	0.725233	0.731986	0.719293	0.722827	0.73508	0.720594	0.729248	0.727178	0.718898	0.728954	0.724699
0.72889	0.727245	1	0.720651	0.722804	0.722449	0.723623	0.725965	0.7277	0.728974	0.731901	0.725863	0.724577	0.728753	0.721916	0.729064	0.72469	0.722275	0.720718	0.726502	0.71909	0.724629	0.724752	0.722226	0.728757	0.717854	0.717304	0.723928	0.715715	0.72164	0.726023	0.728032	0.734902	0.72204	0.725334	0.734351	0.720172	0.724653	0.72664	0.724865	0.733139	0.722493	0.730034	0.734267	0.713921	0.7269	0.728433
0.720852	0.715432	0.720651	1	0.719797	0.71546	0.720126	0.7192	0.720709	0.720293	0.724342	0.71989	0.724061	0.721958	0.721864	0.728719	0.716091	0.72308	0.718301	0.724485	0.716551	0.718066	0.726595	0.724708	0.71278	0.725559	0.7144	0.727547	0.71174	0.712546	0.724902	0.718171	0.722172	0.720164	0.728581	0.721012	0.726617	0.721674	0.718914	0.720051	0.721498	0.717266	0.725068	0.722727	0.714947	0.716023	0.717962
0.72581	0.721735	0.722804	0.719797	1	0.71998	0.72138	0.719954	0.734641	0.719448	0.725473	0.720539	0.728772	0.720049	0.718015	0.718772	0.728002	0.726251	0.727077	0.729015	0.729089	0.723325	0.727873	0.72289	0.72954	0.716207	0.72707	0.725849	0.712608	0.730647	0.729321	0.72735	0.726836	0.731796	0.721317	0.730771	0.717894	0.725524	0.721873	0.72629	0.731182	0.727046	0.721111	0.72645	0.715446	0.720948	0.727135
0.728007	0.722592	0.722449	0.71546	0.71998	1	0.713507	0.72234	0.724188	0.723175	0.729871	0.725474	0.737955	0.732837	0.722717	0.722145	0.725502	0.724907	0.716672	0.73007	0.727657	0.729644	0.73352	0.729192	0.72618	0.734044	0.728304	0.734215	0.713125	0.724986	0.734377	0.727434	0.720037	0.730699	0.723025	0.720982	0.72707	0.732088	0.722998	0.728375	0.721274	0.736028	0.739536	0.723722	0.714723	0.725783	0.723359
0.720582	0.721826	0.723623	0.720126	0.72138	0.713507	1	0.715165	0.719804	0.724186	0.724132	0.716597	0.719903	0.722358	0.715216	0.720966	0.725748	0.716168	0.720195	0.721158	0.71901	0.721117	0.72224	0.722168	0.72633	0.717515	0.725511	0.718255	0.711528	0.719975	0.714485	0.729677	0.724835	0.715836	0.718213	0.722322	0.715081	0.721145	0.718222	0.721493	0.722834	0.722457	0.718041	0.720426	0.713874	0.718983	0.719907
0.727105	0.720903	0.725965	0.7192	0.719954	0.72234	0.715165	1	0.729432	0.72637	0.726316	0.724637	0.725486	0.724139	0.731173	0.719305	0.721544	0.724746	0.721717	0.720227	0.720081	0.712975	0.722917	0.731591	0.720806	0.727883	0.724362	0.723154	0.711632	0.721944	0.728955	0.72174	0.725397	0.717176	0.711631	0.722805	0.722973	0.723278	0.721575	0.721645	0.725306	0.732155	0.730797	0.72055	0.706854	0.728721	0.724825
0.737998	0.71859	0.7277	0.720709	0.734641	0.724188	0.719804	0.729432	1	0.721758	0.725451	0.72824	0.727446	0.727537	0.721081	0.725363	0.734308	0.723072	0.727393	0.727264	0.726128	0.723031	0.727872	0.727448	0.726114	0.717094	0.72814	0.731714	0.711644	0.724942	0.727684	0.72817	0.728005	0.721634	0.717038	0.730116	0.727322	0.725919	0.723639	0.730585	0.726663	0.742655	0.731409	0.727885	0.722139	0.719433	0.725192
0.727304	0.721413	0.728974	0.720293	0.719448	0.723175	0.724186	0.72637	0.721758	1	0.725769	0.724392	0.722186	0.723079	0.727912	0.728406	0.723431	0.725497	0.72038	0.726723	0.726276	0.728295	0.735375	0.730304	0.727515	0.718757	0.716235	0.720568	0.711104	0.725113	0.722187	0.727116	0.731759	0.721202	0.717195	0.735931	0.725535	0.728903	0.72528	0.736413	0.72541	0.728562	0.722959	0.723388	0.713294	0.728236	0.726676
0.728164	0.717838	0.731901	0.724342	0.725473	0.729871	0.724132	0.726316	0.725451	0.725769	1	0.73398	0.735683	0.724837	0.727953	0.725254	0.72828	0.726558	0.723399	0.720132	0.72174	0.725415	0.730828	0.732633	0.728826	0.723876	0.731571	0.728238	0.71108	0.730514	0.725999	0.726969	0.725243	0.723597	0.716089	0.730015	0.726089	0.723855	0.726013	0.728169	0.732904	0.735915	0.733442	0.73894	0.718268	0.724317	0.720714
0.735089	0.720174	0.725863	0.71989	0.720539	0.725474	0.716597	0.724637	0.72824	0.724392	0.73398	1	0.727387	0.722048	0.718089	0.723186	0.730028	0.719612	0.733098	0.730587	0.719153	0.727443	0.730939	0.727345	0.726679	0.726716	0.719705	0.727105	0.718502	0.72416	0.724844	0.726363	0.739513	0.719136	0.718658	0.718768	0.724759	0.726198	0.729131	0.728162	0.72388	0.734976	0.730884	0.724773	0.721673	0.725854	0.732754
0.727659	0.7303	0.724577	0.724061	0.728772	0.737955	0.719903	0.725486	0.727446	0.722186	0.735683	0.727387	1	0.731331	0.730258	0.732008	0.735731	0.735527	0.723768	0.726885	0.727489	0.732231	0.732865	0.733209	0.726242	0.730842	0.726169	0.733128	0.71634	0.725225	0.726826	0.720102	0.728618	0.726175	0.722278	0.728641	0.731607	0.725176	0.724855	0.72742	0.73533	0.730736	0.727304	0.731116	0.719485	0.735712	0.728628
0.71975	0.718885	0.728753	0.721958	0.720049	0.732837	0.722358	0.724139	0.727537	0.723079	0.724837	0.722048	0.731331	1	0.728111	0.730121	0.727145	0.719568	0.726196	0.727482	0.721602	0.729352	0.733889	0.726992	0.727019	0.727161	0.719689	0.73601	0.708946	0.719641	0.726569	0.725508	0.721886	0.722554	0.719237	0.723519	0.729195	0.728041	0.721887	0.716532	0.726355	0.73001	0.729469	0.726721	0.708066	0.72218	0.720383
0.730472	0.730566	0.721916	0.721864	0.718015	0.722717	0.715216	0.731173	0.721081	0.727912	0.727953	0.718089	0.730258	0.728111	1	0.717223	0.720489	0.726923	0.72673	0.718012	0.727274	0.722835	0.730494	0.729336	0.728623	0.729831	0.724692	0.728884	0.70955	0.729073	0.726916	0.725622	0.724391	0.724909	0.721988	0.727491	0.726022	0.726366	0.725753	0.724777	0.733922	0.732186	0.736595	0.724509	0.717392	0.729554	0.725162
0.727484	0.726658	0.729064	0.728719	0.718772	0.722145	0.720966	0.719305	0.725363	0.728406	0.725254	0.723186	0.732008	0.730121	0.717223	1	0.727045	0.727931	0.723707	0.730061	0.721749	0.728629	0.73389	0.725423	0.72661	0.729519	0.721839	0.722425	0.716641	0.713265	0.723882	0.725955	0.724644	0.719928	0.714904	0.731952	0.725041	0.723727	0.722461	0.727118	0.737605	0.724364	0.733262	0.728306	0.71879	0.725588	0.716164
0.742444	0.726873	0.72469	0.716091	0.728002	0.725502	0.725748	0.721544	0.734308	0.723431	0.72828	0.730028	0.735731	0.727145	0.720489	0.727045	1	0.729413	0.737758	0.724788	0.724887	0.730018	0.733105	0.728997	0.720221	0.725865	0.733878	0.729647	0.720757	0.736464	0.726748	0.729995	0.728712	0.726398	0.717061	0.732619	0.724659	0.729624	0.7213	0.736467	0.72751	0.727126	0.724799	0.729686	0.721767	0.730664	0.725528
0.717007	0.72247	0.722275	0.72308	0.726251	0.724907	0.716168	0.724746	0.723072	0.725497	0.726558	0.719612	0.735527	0.719568	0.726923	0.727931	0.729413	1	0.719869	0.721736	0.734475	0.722519	0.725143	0.721364	0.726339	0.715317	0.722459	0.721892	0.721368	0.720044	0.724912	0.718367	0.726635	0.72689	0.719292	0.728456	0.727627	0.72288	0.722809	0.726809	0.733695	0.723558	0.723648	0.73006	0.718076	0.724877	0.720548
0.732561	0.724121	0.720718	0.718301	0.727077	0.716672	0.720195	0.721717	0.727393	0.72038	0.723399	0.733098	0.723768	0.726196	0.72673	0.723707	0.737758	0.719869	1	0.724452	0.723186	0.724858	0.721993	0.729595	0.72088	0.730202	0.720103	0.723611	0.717907	0.722475	0.724612	0.724758	0.730868	0.72722	0.712466	0.728934	0.73393	0.728825	0.71909	0.722977	0.730418	0.732258	0.726337	0.720143	0.721668	0.733847	0.72288
0.729522	0.720989	0.726502	0.724485	0.729015	0.73007	0.721158	0.720227	0.727264	0.726723	0.720132	0.730587	0.726885	0.727482	0.718012	0.730061	0.724788	0.721736	0.724452	1	0.725113	0.721908	0.724874	0.723279	0.726397	0.727277	0.724184	0.724166	0.720053	0.715691	0.723995	0.723458	0.726429	0.729083	0.720636	0.727638	0.724621	0.723158	0.723797	0.725029	0.729134	0.728131	0.724203	0.719877	0.707163	0.721759	0.735909
0.718174	0.729872	0.71909	0.716551	0.729089	0.727657	0.71901	0.720081	0.726128	0.726276	0.72174	0.719153	0.727489	0.721602	0.727274	0.721749	0.724887	0.734475	0.723186	0.725113	1	0.724929	0.730223	0.728467	0.729169	0.723055	0.726827	0.729713	0.707343	0.726176	0.717178	0.725668	0.726426	0.722118	0.727867	0.728013	0.723629	0.732027	0.719686	0.720083	0.728274	0.733897	0.724102	0.722156	0.712485	0.729828	0.730175
0.723881	0.715095	0.724629	0.718066	0.723325	0.729644	0.721117	0.712975	0.723031	0.728295	0.725415	0.727443	0.732231	0.729352	0.722835	0.728629	0.730018	0.722519	0.724858	0.721908	0.724929	1	0.727448	0.724617	0.722387	0.723917	0.718885	0.716774	0.706159	0.722385	0.717536	0.727312	0.729346	0.718338	0.72851	0.725336	0.720659	0.724093	0.731507	0.726426	0.727708	0.722361	0.719124	0.721988	0.716983	0.725372	0.724112
0.724644	0.730395	0.724752	0.726595	0.727873	0.73352	0.72224	0.722917	0.727872	0.735375	0.730828	0.730939	0.732865	0.733889	0.730494	0.73389	0.733105	0.725143	0.721993	0.724874	0.730223	0.727448	1	0.730948	0.732127	0.734734	0.738311	0.733161	0.718702	0.730476	0.73289	0.724688	0.722857	0.739593	0.728758	0.73152	0.73473	0.73519	0.719446	0.727942	0.734473	0.729608	0.728461	0.731802	0.722813	0.736296	0.729867
0.732775	0.731028	0.722226	0.724708	0.72289	0.729192	0.722168	0.731591	0.727448	0.730304	0.732633	0.727345	0.733209	0.726992	0.729336	0.725423	0.728997	0.721364	0.729595	0.723279	0.728467	0.724617	0.730948	1	0.724604	0.72779	0.724946	0.727529	0.714805	0.720999	0.72767	0.73717	0.726399	0.727844	0.727214	0.727846	0.726945	0.727228	0.723721	0.724162	0.729332	0.729523	0.732106	0.729198	0.723601	0.729125	0.728476
0.727614	0.725988	0.728757	0.71278	0.72954	0.72618	0.72633	0.720806	0.726114	0.727515	0.728826	0.726679	0.726242	0.727019	0.728623	0.72661	0.720221	0.726339	0.72088	0.726397	0.729169	0.722387	0.732127	0.724604	1	0.723249	0.72543	0.718109	0.714684	0.727652	0.725023	0.725452	0.73012	0.722652	0.71828	0.729562	0.729964	0.7301	0.7237	0.728509	0.738096	0.736947	0.733561	0.733186	0.718199	0.733666	0.726108
0.73573	0.734523	0.717854	0.725559	0.716207	0.734044	0.717515	0.727883	0.717094	0.718757	0.723876	0.726716	0.730842	0.727161	0.729831	0.729519	0.725865	0.715317	0.730202	0.727277	0.723055	0.723917	0.734734	0.72779	0.723249	1	0.728229	0.735253	0.713371	0.721265	0.724857	0.721471	0.722212	0.729796	0.718415	0.719069	0.725848	0.740521	0.731363	0.723417	0.721095	0.723635	0.729737	0.726453	0.714363	0.733506	0.719752
0.722537	0.723269	0.717304	0.7144	0.72707	0.728304	0.725511	0.724362	0.72814	0.716235	0.731571	0.719705	0.726169	0.719689	0.724692	0.721839	0.733878	0.722459	0.720103	0.724184	0.726827	0.718885	0.738311	0.724946	0.72543	0.728229	1	0.729349	0.716991	0.726622	0.72848	0.728591	0.723489	0.728727	0.719034	0.71928	0.723153	0.724141	0.719506	0.724371	0.73101	0.734428	0.730231	0.727256	0.712624	0.721144	0.729334
0.723126	0.726043	0.723928	0.727547	0.725849	0.734215	0.718255	0.723154	0.731714	0.720568	0.728238	0.727105	0.733128	0.73601	0.728884	0.722425	0.729647	0.721892	0.723611	0.724166	0.729713	0.716774	0.733161	0.727529	0.718109	0.735253	0.729349	1	0.718002	0.72569	0.728117	0.719451	0.732517	0.721755	0.720942	0.732427	0.728042	0.728764	0.725337	0.722535	0.729667	0.729434	0.730546	0.728711	0.716369	0.724322	0.733237
0.723597	0.713959	0.715715	0.71174	0.712608	0.713125	0.711528	0.711632	0.711644	0.711104	0.71108	0.718502	0.71634	0.708946	0.70955	0.716641	0.720757	0.721368	0.717907	0.720053	0.707343	0.706159	0.718702	0.714805	0.714684	0.713371	0.716991	0.718002	1	0.713694	0.717183	0.70613	0.715145	0.709795	0.708364	0.712267	0.712809	0.718462	0.713318	0.722235	0.720003	0.712469	0.710523	0.715535	0.755577	0.718482	0.717815
0.723508	0.730496	0.72164	0.712546	0.730647	0.724986	0.719975	0.721944	0.724942	0.725113	0.730514	0.72416	0.725225	0.719641	0.729073	0.713265	0.736464	0.720044	0.722475	0.715691	0.726176	0.722385	0.730476	0.720999	0.727652	0.721265	0.726622	0.72569	0.713694	1	0.730365	0.726722	0.728521	0.731172	0.710717	0.721822	0.726627	0.729331	0.718652	0.734788	0.725785	0.724504	0.722362	0.730159	0.714319	0.737111	0.727525
0.729256	0.718654	0.726023	0.724902	0.729321	0.734377	0.714485	0.728955	0.727684	0.722187	0.725999	0.724844	0.726826	0.726569	0.726916	0.723882	0.726748	0.724912	0.724612	0.723995	0.717178	0.717536	0.73289	0.72767	0.725023	0.724857	0.72848	0.728117	0.717183	0.730365	1	0.721032	0.72688	0.731105	0.719357	0.720581	0.729965	0.724782	0.731987	0.726623	0.728421	0.725013	0.729607	0.724899	0.71932	0.725912	0.723405
0.732679	0.730493	0.728032	0.718171	0.72735	0.727434	0.729677	0.72174	0.72817	0.727116	0.726969	0.726363	0.720102	0.725508	0.725622	0.725955	0.729995	0.718367	0.724758	0.723458	0.725668	0.727312	0.724688	0.73717	0.725452	0.721471	0.728591	0.719451	0.70613	0.726722	0.721032	1	0.728993	0.729805	0.725164	0.735196	0.732208	0.726785	0.729362	0.727536	0.731252	0.738488	0.736103	0.725901	0.716175	0.736714	0.724617
0.730728	0.723649	0.734902	0.722172	0.726836	0.720037	0.724835	0.725397	0.728005	0.731759	0.725243	0.739513	0.728618	0.721886	0.724391	0.724644	0.728712	0.726635	0.730868	0.726429	0.726426	0.729346	0.722857	0.726399	0.73012	0.722212	0.723489	0.732517	0.715145	0.728521	0.72688	0.728993	1	0.725815	0.723669	0.737021	0.721927	0.732351	0.726186	0.73875	0.730887	0.729371	0.728127	0.727348	0.715858	0.728127	0.739788
0.720923	0.731738	0.72204	0.720164	0.731796	0.730699	0.715836	0.717176	0.721634	0.721202	0.723597	0.719136	0.726175	0.722554	0.724909	0.719928	0.726398	0.72689	0.72722	0.729083	0.722118	0.718338	0.739593	0.727844	0.722652	0.729796	0.728727	0.721755	0.709795	0.731172	0.731105	0.729805	0.725815	1	0.730449	0.717956	0.729318	0.726769	0.720961	0.734878	0.720034	0.720695	0.727718	0.723095	0.715312	0.7332	0.732315
0.714599	0.727189	0.725334	0.728581	0.721317	0.723025	0.718213	0.711631	0.717038	0.717195	0.716089	0.718658	0.722278	0.719237	0.721988	0.714904	0.717061	0.719292	0.712466	0.720636	0.727867	0.72851	0.728758	0.727214	0.71828	0.718415	0.719034	0.720942	0.708364	0.710717	0.719357	0.725164	0.723669	0.730449	1	0.725399	0.719464	0.723781	0.725284	0.72927	0.730517	0.723864	0.71973	0.719084	0.709967	0.717837	0.716267
0.727809	0.723553	0.734351	0.721012	0.730771	0.720982	0.722322	0.722805	0.730116	0.735931	0.730015	0.718768	0.728641	0.723519	0.727491	0.731952	0.732619	0.728456	0.728934	0.727638	0.728013	0.725336	0.73152	0.727846	0.729562	0.719069	0.71928	0.732427	0.712267	0.721822	0.720581	0.735196	0.737021	0.717956	0.725399	1	0.73046	0.724993	0.73516	0.735562	0.741989	0.735883	0.727674	0.729288	0.715734	0.727797	0.729055
0.729311	0.725233	0.720172	0.726617	0.717894	0.72707	0.715081	0.722973	0.727322	0.725535	0.726089	0.724759	0.731607	0.729195	0.726022	0.725041	0.724659	0.727627	0.73393	0.724621	0.723629	0.720659	0.73473	0.726945	0.729964	0.725848	0.723153	0.728042	0.712809	0.726627	0.729965	0.732208	0.721927	0.729318	0.719464	0.73046	1	0.726426	0.723245	0.719527	0.732085	0.776508	0.726085	0.733658	0.708423	0.730579	0.724758
0.72616	0.731986	0.724653	0.721674	0.725524	0.732088	0.721145	0.723278	0.725919	0.728903	0.723855	0.726198	0.725176	0.728041	0.726366	0.723727	0.729624	0.72288	0.728825	0.723158	0.732027	0.724093	0.73519	0.727228	0.7301	0.740521	0.724141	0.728764	0.718462	0.729331	0.724782	0.726785	0.732351	0.726769	0.723781	0.724993	0.726426	1	0.727248	0.735421	0.726225	0.723165	0.731233	0.728301	0.714545	0.736685	0.723297
0.725054	0.719293	0.72664	0.718914	0.721873	0.722998	0.718222	0.721575	0.723639	0.72528	0.726013	0.729131	0.724855	0.721887	0.725753	0.722461	0.7213	0.722809	0.71909	0.723797	0.719686	0.731507	0.719446	0.723721	0.7237	0.731363	0.719506	0.725337	0.713318	0.718652	0.731987	0.729362	0.726186	0.720961	0.725284	0.73516	0.723245	0.727248	1	0.731989	0.732093	0.722106	0.72304	0.721652	0.708121	0.728504	0.724537
0.730851	0.722827	0.724865	0.720051	0.72629	0.728375	0.721493	0.721645	0.730585	0.736413	0.728169	0.728162	0.72742	0.716532	0.724777	0.727118	0.736467	0.726809	0.722977	0.725029	0.720083	0.726426	0.727942	0.724162	0.728509	0.723417	0.724371	0.722535	0.722235	0.734788	0.726623	0.727536	0.73875	0.734878	0.72927	0.735562	0.719527	0.735421	0.731989	1	0.727947	0.725504	0.722449	0.728134	0.716084	0.737142	0.728981
0.727295	0.73508	0.733139	0.721498	0.731182	0.721274	0.722834	0.725306	0.726663	0.72541	0.732904	0.72388	0.73533	0.726355	0.733922	0.737605	0.72751	0.733695	0.730418	0.729134	0.728274	0.727708	0.734473	0.729332	0.738096	0.721095	0.73101	0.729667	0.720003	0.725785	0.728421	0.731252	0.730887	0.720034	0.730517	0.741989	0.732085	0.726225	0.732093	0.727947	1	0.731532	0.735498	0.737817	0.713791	0.729346	0.726971
0.734444	0.720594	0.722493	0.717266	0.727046	0.736028	0.722457	0.732155	0.742655	0.728562	0.735915	0.734976	0.730736	0.73001	0.732186	0.724364	0.727126	0.723558	0.732258	0.728131	0.733897	0.722361	0.729608	0.729523	0.736947	0.723635	0.734428	0.729434	0.712469	0.724504	0.725013	0.738488	0.729371	0.720695	0.723864	0.735883	0.776508	0.723165	0.722106	0.725504	0.731532	1	0.738694	0.724989	0.719017	0.723441	0.726461
0.731015	0.729248	0.730034	0.725068	0.721111	0.739536	0.718041	0.730797	0.731409	0.722959	0.733442	0.730884	0.727304	0.729469	0.736595	0.733262	0.724799	0.723648	0.726337	0.724203	0.724102	0.719124	0.728461	0.732106	0.733561	0.729737	0.730231	0.730546	0.710523	0.722362	0.729607	0.736103	0.728127	0.727718	0.71973	0.727674	0.726085	0.731233	0.72304	0.722449	0.735498	0.738694	1	0.729929	0.722274	0.734534	0.724261
0.725279	0.727178	0.734267	0.722727	0.72645	0.723722	0.720426	0.72055	0.727885	0.723388	0.73894	0.724773	0.731116	0.726721	0.724509	0.728306	0.729686	0.73006	0.720143	0.719877	0.722156	0.721988	0.731802	0.729198	0.733186	0.726453	0.727256	0.728711	0.715535	0.730159	0.724899	0.725901	0.727348	0.723095	0.719084	0.729288	0.733658	0.728301	0.721652	0.728134	0.737817	0.724989	0.729929	1	0.716227	0.72837	0.720358
0.729151	0.718898	0.713921	0.714947	0.715446	0.714723	0.713874	0.706854	0.722139	0.713294	0.718268	0.721673	0.719485	0.708066	0.717392	0.71879	0.721767	0.718076	0.721668	0.707163	0.712485	0.716983	0.722813	0.723601	0.718199	0.714363	0.712624	0.716369	0.755577	0.714319	0.71932	0.716175	0.715858	0.715312	0.709967	0.715734	0.708423	0.714545	0.708121	0.716084	0.713791	0.719017	0.722274	0.716227	1	0.71504	0.716087
0.731773	0.728954	0.7269	0.716023	0.720948	0.725783	0.718983	0.728721	0.719433	0.728236	0.724317	0.725854	0.735712	0.72218	0.729554	0.725588	0.730664	0.724877	0.733847	0.721759	0.729828	0.725372	0.736296	0.729125	0.733666	0.733506	0.721144	0.724322	0.718482	0.737111	0.725912	0.736714	0.728127	0.7332	0.717837	0.727797	0.730579	0.736685	0.728504	0.737142	0.729346	0.723441	0.734534	0.72837	0.71504	1	0.728194
0.733717	0.724699	0.728433	0.717962	0.727135	0.723359	0.719907	0.724825	0.725192	0.726676	0.720714	0.732754	0.728628	0.720383	0.725162	0.716164	0.725528	0.720548	0.72288	0.735909	0.730175	0.724112	0.729867	0.728476	0.726108	0.719752	0.729334	0.733237	0.717815	0.727525	0.723405	0.724617	0.739788	0.732315	0.716267	0.729055	0.724758	0.723297	0.724537	0.728981	0.726971	0.726461	0.724261	0.720358	0.716087	0.728194	1
