1	0.737819	0.740118	0.742149	0.732336	0.715065	0.733312	0.732062	0.742058	0.742855	0.740806	0.725591	0.73736	0.736987	0.732469	0.792688	0.738099	0.732896	0.733938	0.740784	0.7383	0.734531	0.732301	0.725236	0.735479	0.732775	0.73644	0.731403	0.73326	0.736994	0.730728	0.748974	0.730931	0.734154	0.745815	0.731583	0.736535	0.736555	0.728505	0.740494	0.734567	0.735907	0.730703	0.739815	0.728512	0.7326	0.731466	0.734832	0.733369	0.725861	0.735049	0.741976	0.731458
0.737819	1	0.734934	0.734214	0.736968	0.72807	0.738972	0.73624	0.732289	0.74296	0.728589	0.740688	0.737966	0.737154	0.746811	0.737136	0.734399	0.730326	0.73361	0.73765	0.735761	0.733652	0.728723	0.739881	0.742419	0.736721	0.737635	0.735516	0.744432	0.730767	0.73894	0.739298	0.733853	0.734499	0.732027	0.738591	0.736477	0.732382	0.736574	0.743335	0.727026	0.741063	0.739345	0.737741	0.727802	0.741372	0.732817	0.735362	0.741899	0.729922	0.733864	0.741905	0.734572
0.740118	0.734934	1	0.728878	0.731596	0.710785	0.735955	0.729286	0.727272	0.73757	0.734369	0.729024	0.721193	0.734769	0.725669	0.7361	0.741461	0.729429	0.724256	0.726302	0.729464	0.73473	0.724104	0.727202	0.727854	0.738109	0.729756	0.73642	0.737989	0.738388	0.741457	0.741312	0.73051	0.735569	0.731962	0.731017	0.728088	0.747979	0.739862	0.733736	0.739222	0.734965	0.728518	0.73157	0.734721	0.730494	0.727991	0.725458	0.727416	0.736868	0.732929	0.736597	0.728231
0.742149	0.734214	0.728878	1	0.74811	0.700051	0.729251	0.735029	0.728025	0.746093	0.726759	0.730202	0.740406	0.746344	0.734354	0.730422	0.725807	0.738709	0.740398	0.730424	0.735909	0.726693	0.727816	0.737001	0.738149	0.736742	0.739962	0.728692	0.738839	0.742842	0.726526	0.740785	0.736948	0.727344	0.736508	0.730864	0.733347	0.725532	0.730561	0.730886	0.746907	0.72332	0.730501	0.735879	0.738614	0.728099	0.732191	0.738832	0.737285	0.723427	0.734427	0.732833	0.723695
0.732336	0.736968	0.731596	0.74811	1	0.709294	0.725762	0.731453	0.732846	0.732688	0.728598	0.733862	0.730428	0.744085	0.735467	0.732823	0.744509	0.729523	0.726577	0.733883	0.73024	0.732224	0.73759	0.739163	0.740574	0.745372	0.732802	0.735431	0.732081	0.73691	0.736319	0.744293	0.729449	0.722655	0.726277	0.725968	0.747016	0.729801	0.728357	0.739395	0.726713	0.725697	0.738532	0.743825	0.737361	0.742179	0.73123	0.730179	0.729537	0.728742	0.744698	0.737953	0.72712
0.715065	0.72807	0.710785	0.700051	0.709294	1	0.716665	0.712944	0.717642	0.714219	0.720489	0.720839	0.713794	0.707115	0.715537	0.720104	0.706779	0.710403	0.708486	0.713178	0.716857	0.720945	0.717006	0.712621	0.715395	0.722102	0.708664	0.718738	0.711912	0.711967	0.718237	0.715482	0.719845	0.709417	0.71126	0.717588	0.716952	0.716134	0.704071	0.717461	0.715983	0.722446	0.725797	0.71282	0.703128	0.708424	0.718338	0.71293	0.711237	0.712288	0.719112	0.71765	0.703781
0.733312	0.738972	0.735955	0.729251	0.725762	0.716665	1	0.728195	0.736089	0.736635	0.735994	0.734279	0.72662	0.737419	0.736894	0.732911	0.72647	0.732243	0.723938	0.737234	0.731875	0.733491	0.729737	0.728409	0.750772	0.743867	0.735767	0.741062	0.737018	0.731766	0.737129	0.734766	0.740997	0.732139	0.729149	0.734204	0.729921	0.738147	0.738735	0.732458	0.73101	0.740212	0.73368	0.738676	0.733744	0.740778	0.730806	0.740726	0.741739	0.729615	0.739897	0.733195	0.73567
0.732062	0.73624	0.729286	0.735029	0.731453	0.712944	0.728195	1	0.730401	0.729338	0.731	0.729232	0.73003	0.730899	0.730849	0.741057	0.746811	0.747317	0.731874	0.736318	0.73184	0.729679	0.735222	0.729728	0.730122	0.740279	0.733037	0.727817	0.727892	0.731394	0.735282	0.737189	0.728092	0.730068	0.74703	0.7348	0.738443	0.727201	0.740047	0.744775	0.732642	0.726167	0.7207	0.734464	0.731043	0.739955	0.740566	0.730559	0.731684	0.73343	0.734614	0.736323	0.731412
0.742058	0.732289	0.727272	0.728025	0.732846	0.717642	0.736089	0.730401	1	0.736514	0.731588	0.731388	0.744501	0.72575	0.737065	0.732309	0.737972	0.737638	0.72758	0.738366	0.724297	0.737399	0.732959	0.731125	0.730068	0.742241	0.722993	0.73242	0.731933	0.732054	0.736668	0.72829	0.741619	0.734536	0.739345	0.732862	0.727062	0.736739	0.731454	0.740084	0.730501	0.726077	0.73016	0.733883	0.737509	0.743311	0.72708	0.737759	0.730671	0.726173	0.738639	0.737559	0.731716
0.742855	0.74296	0.73757	0.746093	0.732688	0.714219	0.736635	0.729338	0.736514	1	0.743098	0.73576	0.737826	0.740236	0.732054	0.740467	0.737106	0.740021	0.731454	0.736028	0.721762	0.747643	0.730035	0.735491	0.739563	0.734116	0.752607	0.72969	0.735699	0.736557	0.742683	0.743789	0.73299	0.735878	0.732216	0.733541	0.740404	0.737782	0.723626	0.735995	0.743317	0.736652	0.73214	0.738792	0.727968	0.732038	0.726556	0.737414	0.738063	0.72122	0.731768	0.733883	0.728441
0.740806	0.728589	0.734369	0.726759	0.728598	0.720489	0.735994	0.731	0.731588	0.743098	1	0.726877	0.71802	0.725	0.733535	0.738181	0.734956	0.7283	0.734112	0.737097	0.727635	0.726322	0.7361	0.735255	0.732226	0.738559	0.734386	0.739488	0.733481	0.722923	0.732459	0.73683	0.736002	0.736567	0.730912	0.725933	0.731675	0.735572	0.725473	0.736956	0.733737	0.72637	0.741518	0.721678	0.723056	0.733089	0.73001	0.737574	0.73302	0.722251	0.731975	0.737332	0.726475
0.725591	0.740688	0.729024	0.730202	0.733862	0.720839	0.734279	0.729232	0.731388	0.73576	0.726877	1	0.731103	0.735191	0.732411	0.738085	0.73179	0.734905	0.724683	0.739902	0.727661	0.73219	0.737938	0.742644	0.743256	0.727707	0.733288	0.739539	0.739285	0.731476	0.736902	0.728289	0.724884	0.7381	0.728642	0.72766	0.738746	0.735871	0.72958	0.730029	0.732333	0.735367	0.738101	0.723914	0.728035	0.731708	0.747345	0.729905	0.740017	0.727629	0.730961	0.732025	0.736005
0.73736	0.737966	0.721193	0.740406	0.730428	0.713794	0.72662	0.73003	0.744501	0.737826	0.71802	0.731103	1	0.730951	0.727796	0.730847	0.727582	0.736718	0.734874	0.738231	0.726974	0.733866	0.730341	0.732704	0.728405	0.731097	0.738	0.727407	0.737469	0.732934	0.730569	0.720678	0.731466	0.742341	0.739331	0.738175	0.742351	0.730026	0.732442	0.731003	0.735403	0.736809	0.73658	0.74008	0.730325	0.733821	0.72322	0.734334	0.73615	0.731043	0.736545	0.740253	0.72759
0.736987	0.737154	0.734769	0.746344	0.744085	0.707115	0.737419	0.730899	0.72575	0.740236	0.725	0.735191	0.730951	1	0.736725	0.729105	0.734093	0.740789	0.733642	0.731544	0.735967	0.726874	0.734295	0.729211	0.732475	0.738645	0.742586	0.73805	0.736385	0.734112	0.733129	0.731687	0.728445	0.735208	0.726578	0.734163	0.733441	0.723129	0.731946	0.730025	0.733842	0.722313	0.729738	0.735236	0.733208	0.734786	0.731684	0.739879	0.730253	0.727732	0.732955	0.725442	0.738229
0.732469	0.746811	0.725669	0.734354	0.735467	0.715537	0.736894	0.730849	0.737065	0.732054	0.733535	0.732411	0.727796	0.736725	1	0.728403	0.726436	0.729007	0.745381	0.736054	0.729916	0.725938	0.732277	0.738174	0.734999	0.742818	0.723521	0.730237	0.740154	0.735105	0.727499	0.742625	0.743483	0.720424	0.732892	0.729937	0.72608	0.733833	0.734127	0.73774	0.732152	0.741861	0.732528	0.732364	0.731278	0.732093	0.741559	0.744366	0.738182	0.725348	0.734762	0.723662	0.738029
0.792688	0.737136	0.7361	0.730422	0.732823	0.720104	0.732911	0.741057	0.732309	0.740467	0.738181	0.738085	0.730847	0.729105	0.728403	1	0.745422	0.739271	0.725756	0.744773	0.732586	0.739972	0.741358	0.732032	0.735341	0.733191	0.733201	0.724556	0.732509	0.742909	0.73929	0.756293	0.731232	0.739055	0.748785	0.732323	0.731457	0.743697	0.730761	0.739205	0.740159	0.731503	0.732461	0.731077	0.731795	0.734575	0.736647	0.731395	0.743912	0.726445	0.741899	0.740599	0.731201
0.738099	0.734399	0.741461	0.725807	0.744509	0.706779	0.72647	0.746811	0.737972	0.737106	0.734956	0.73179	0.727582	0.734093	0.726436	0.745422	1	0.726793	0.729967	0.737242	0.733795	0.732676	0.732811	0.732505	0.72728	0.734037	0.731753	0.731551	0.731568	0.727068	0.736528	0.744095	0.735485	0.734593	0.740251	0.731234	0.730892	0.73581	0.734882	0.735909	0.737118	0.722876	0.736024	0.733645	0.740666	0.735737	0.724469	0.731077	0.722669	0.735181	0.738854	0.741804	0.733802
0.732896	0.730326	0.729429	0.738709	0.729523	0.710403	0.732243	0.747317	0.737638	0.740021	0.7283	0.734905	0.736718	0.740789	0.729007	0.739271	0.726793	1	0.730528	0.735128	0.724208	0.73888	0.734835	0.7305	0.732572	0.733537	0.733329	0.732639	0.733338	0.73402	0.734907	0.726005	0.730614	0.744687	0.734302	0.72558	0.731415	0.730462	0.731795	0.731118	0.741	0.724842	0.726232	0.737111	0.728724	0.740494	0.732286	0.725586	0.743151	0.727621	0.739829	0.739931	0.736203
0.733938	0.73361	0.724256	0.740398	0.726577	0.708486	0.723938	0.731874	0.72758	0.731454	0.734112	0.724683	0.734874	0.733642	0.745381	0.725756	0.729967	0.730528	1	0.736064	0.733301	0.727327	0.72483	0.737409	0.734435	0.730556	0.738066	0.729342	0.740991	0.732002	0.720549	0.732476	0.727367	0.726811	0.735266	0.734631	0.725617	0.716473	0.73797	0.733832	0.73172	0.731201	0.734845	0.734614	0.73057	0.731152	0.733453	0.735407	0.723137	0.729012	0.73163	0.729986	0.733007
0.740784	0.73765	0.726302	0.730424	0.733883	0.713178	0.737234	0.736318	0.738366	0.736028	0.737097	0.739902	0.738231	0.731544	0.736054	0.744773	0.737242	0.735128	0.736064	1	0.725186	0.735239	0.738118	0.725988	0.741437	0.731027	0.740481	0.732901	0.732196	0.736184	0.740627	0.744868	0.731017	0.741686	0.733598	0.730537	0.741615	0.732347	0.741384	0.744828	0.737879	0.738727	0.735996	0.730707	0.732985	0.744516	0.740655	0.740154	0.743001	0.729202	0.738575	0.73267	0.723343
0.7383	0.735761	0.729464	0.735909	0.73024	0.716857	0.731875	0.73184	0.724297	0.721762	0.727635	0.727661	0.726974	0.735967	0.729916	0.732586	0.733795	0.724208	0.733301	0.725186	1	0.72551	0.734734	0.733723	0.733388	0.738285	0.732339	0.741893	0.735352	0.727462	0.728837	0.730187	0.74219	0.733803	0.733828	0.734145	0.728484	0.737256	0.732779	0.731253	0.731609	0.734711	0.745985	0.735045	0.73789	0.735946	0.735824	0.740444	0.725494	0.732611	0.728297	0.737727	0.729731
0.734531	0.733652	0.73473	0.726693	0.732224	0.720945	0.733491	0.729679	0.737399	0.747643	0.726322	0.73219	0.733866	0.726874	0.725938	0.739972	0.732676	0.73888	0.727327	0.735239	0.72551	1	0.733143	0.727415	0.732981	0.734974	0.7261	0.731626	0.729899	0.73951	0.732661	0.738019	0.725389	0.733606	0.739483	0.740188	0.726726	0.738027	0.726802	0.735607	0.733709	0.73641	0.734852	0.72594	0.735288	0.737363	0.734695	0.735757	0.732923	0.732764	0.733943	0.731651	0.731388
0.732301	0.728723	0.724104	0.727816	0.73759	0.717006	0.729737	0.735222	0.732959	0.730035	0.7361	0.737938	0.730341	0.734295	0.732277	0.741358	0.732811	0.734835	0.72483	0.738118	0.734734	0.733143	1	0.737292	0.72726	0.736343	0.72657	0.734584	0.73326	0.72952	0.731009	0.732003	0.737225	0.738109	0.730589	0.727521	0.741421	0.732535	0.731784	0.734518	0.731214	0.744432	0.738885	0.725892	0.725704	0.740157	0.736828	0.73148	0.731965	0.720068	0.744944	0.727305	0.736538
0.725236	0.739881	0.727202	0.737001	0.739163	0.712621	0.728409	0.729728	0.731125	0.735491	0.735255	0.742644	0.732704	0.729211	0.738174	0.732032	0.732505	0.7305	0.737409	0.725988	0.733723	0.727415	0.737292	1	0.727202	0.724571	0.736615	0.725616	0.73465	0.730467	0.718739	0.721396	0.73068	0.734769	0.716837	0.732561	0.730029	0.727795	0.731656	0.724394	0.722441	0.729079	0.731985	0.726335	0.73077	0.726926	0.732045	0.73282	0.740922	0.722749	0.735618	0.731505	0.727471
0.735479	0.742419	0.727854	0.738149	0.740574	0.715395	0.750772	0.730122	0.730068	0.739563	0.732226	0.743256	0.728405	0.732475	0.734999	0.735341	0.72728	0.732572	0.734435	0.741437	0.733388	0.732981	0.72726	0.727202	1	0.736549	0.735499	0.72729	0.733529	0.737908	0.740479	0.73365	0.730512	0.730187	0.733016	0.735387	0.729537	0.728932	0.735059	0.736474	0.73194	0.735192	0.730626	0.728334	0.725457	0.72762	0.737384	0.732342	0.743699	0.724826	0.729044	0.731434	0.73458
0.732775	0.736721	0.738109	0.736742	0.745372	0.722102	0.743867	0.740279	0.742241	0.734116	0.738559	0.727707	0.731097	0.738645	0.742818	0.733191	0.734037	0.733537	0.730556	0.731027	0.738285	0.734974	0.736343	0.724571	0.736549	1	0.733046	0.737471	0.727821	0.730119	0.743692	0.735846	0.735003	0.730577	0.739491	0.729428	0.73094	0.731779	0.732905	0.748452	0.738796	0.733584	0.740102	0.732766	0.725975	0.733154	0.739414	0.729754	0.735526	0.725055	0.743925	0.735373	0.731482
0.73644	0.737635	0.729756	0.739962	0.732802	0.708664	0.735767	0.733037	0.722993	0.752607	0.734386	0.733288	0.738	0.742586	0.723521	0.733201	0.731753	0.733329	0.738066	0.740481	0.732339	0.7261	0.72657	0.736615	0.735499	0.733046	1	0.734185	0.734164	0.73027	0.740487	0.744103	0.724522	0.737094	0.736072	0.73142	0.743855	0.734652	0.738189	0.734603	0.742227	0.741299	0.738325	0.743849	0.733384	0.735678	0.726383	0.731932	0.737663	0.727606	0.736922	0.742056	0.740164
0.731403	0.735516	0.73642	0.728692	0.735431	0.718738	0.741062	0.727817	0.73242	0.72969	0.739488	0.739539	0.727407	0.73805	0.730237	0.724556	0.731551	0.732639	0.729342	0.732901	0.741893	0.731626	0.734584	0.725616	0.72729	0.737471	0.734185	1	0.734738	0.733881	0.740174	0.739287	0.73247	0.729814	0.732894	0.728027	0.727873	0.732501	0.736966	0.744119	0.729569	0.72307	0.731899	0.722827	0.734432	0.737304	0.733339	0.731975	0.730635	0.731636	0.727474	0.738268	0.733865
0.73326	0.744432	0.737989	0.738839	0.732081	0.711912	0.737018	0.727892	0.731933	0.735699	0.733481	0.739285	0.737469	0.736385	0.740154	0.732509	0.731568	0.733338	0.740991	0.732196	0.735352	0.729899	0.73326	0.73465	0.733529	0.727821	0.734164	0.734738	1	0.724536	0.729798	0.729819	0.73272	0.738098	0.732283	0.728184	0.727544	0.733731	0.726656	0.726946	0.728272	0.739929	0.727352	0.737788	0.740496	0.731302	0.729826	0.737338	0.734501	0.730619	0.729355	0.740064	0.737856
0.736994	0.730767	0.738388	0.742842	0.73691	0.711967	0.731766	0.731394	0.732054	0.736557	0.722923	0.731476	0.732934	0.734112	0.735105	0.742909	0.727068	0.73402	0.732002	0.736184	0.727462	0.73951	0.72952	0.730467	0.737908	0.730119	0.73027	0.733881	0.724536	1	0.731509	0.734747	0.722131	0.71924	0.734014	0.737004	0.734339	0.735835	0.737454	0.741445	0.737214	0.735465	0.73078	0.732479	0.733516	0.718304	0.731893	0.724078	0.726504	0.736955	0.72848	0.728778	0.727581
0.730728	0.73894	0.741457	0.726526	0.736319	0.718237	0.737129	0.735282	0.736668	0.742683	0.732459	0.736902	0.730569	0.733129	0.727499	0.73929	0.736528	0.734907	0.720549	0.740627	0.728837	0.732661	0.731009	0.718739	0.740479	0.743692	0.740487	0.740174	0.729798	0.731509	1	0.737411	0.734397	0.738196	0.730766	0.734004	0.734776	0.735151	0.735989	0.743302	0.743633	0.739653	0.740512	0.736123	0.727845	0.734976	0.725665	0.728703	0.728959	0.732817	0.737181	0.745457	0.735377
0.748974	0.739298	0.741312	0.740785	0.744293	0.715482	0.734766	0.737189	0.72829	0.743789	0.73683	0.728289	0.720678	0.731687	0.742625	0.756293	0.744095	0.726005	0.732476	0.744868	0.730187	0.738019	0.732003	0.721396	0.73365	0.735846	0.744103	0.739287	0.729819	0.734747	0.737411	1	0.736587	0.733696	0.741278	0.733837	0.738685	0.729379	0.719431	0.746838	0.741851	0.733227	0.726276	0.733751	0.733002	0.737432	0.735911	0.724582	0.73689	0.731378	0.740773	0.726807	0.723283
0.730931	0.733853	0.73051	0.736948	0.729449	0.719845	0.740997	0.728092	0.741619	0.73299	0.736002	0.724884	0.731466	0.728445	0.743483	0.731232	0.735485	0.730614	0.727367	0.731017	0.74219	0.725389	0.737225	0.73068	0.730512	0.735003	0.724522	0.73247	0.73272	0.722131	0.734397	0.736587	1	0.734607	0.736608	0.738339	0.730167	0.723236	0.721968	0.735434	0.735906	0.740509	0.727604	0.732117	0.737455	0.739113	0.73619	0.729158	0.738535	0.72813	0.740839	0.736666	0.728028
0.734154	0.734499	0.735569	0.727344	0.722655	0.709417	0.732139	0.730068	0.734536	0.735878	0.736567	0.7381	0.742341	0.735208	0.720424	0.739055	0.734593	0.744687	0.726811	0.741686	0.733803	0.733606	0.738109	0.734769	0.730187	0.730577	0.737094	0.729814	0.738098	0.71924	0.738196	0.733696	0.734607	1	0.747943	0.732291	0.733623	0.74876	0.735311	0.729598	0.739717	0.734515	0.726282	0.732723	0.73435	0.739611	0.741741	0.725182	0.738464	0.727862	0.73335	0.731882	0.728675
0.745815	0.732027	0.731962	0.736508	0.726277	0.71126	0.729149	0.74703	0.739345	0.732216	0.730912	0.728642	0.739331	0.726578	0.732892	0.748785	0.740251	0.734302	0.735266	0.733598	0.733828	0.739483	0.730589	0.716837	0.733016	0.739491	0.736072	0.732894	0.732283	0.734014	0.730766	0.741278	0.736608	0.747943	1	0.735697	0.729872	0.736697	0.727462	0.739922	0.745909	0.73539	0.717294	0.739221	0.738487	0.74199	0.73577	0.724858	0.733974	0.740166	0.737757	0.73778	0.731936
0.731583	0.738591	0.731017	0.730864	0.725968	0.717588	0.734204	0.7348	0.732862	0.733541	0.725933	0.72766	0.738175	0.734163	0.729937	0.732323	0.731234	0.72558	0.734631	0.730537	0.734145	0.740188	0.727521	0.732561	0.735387	0.729428	0.73142	0.728027	0.728184	0.737004	0.734004	0.733837	0.738339	0.732291	0.735697	1	0.730058	0.733223	0.728141	0.729845	0.733197	0.736822	0.728284	0.728327	0.734986	0.73405	0.731986	0.738154	0.730498	0.734801	0.732434	0.738662	0.727321
0.736535	0.736477	0.728088	0.733347	0.747016	0.716952	0.729921	0.738443	0.727062	0.740404	0.731675	0.738746	0.742351	0.733441	0.72608	0.731457	0.730892	0.731415	0.725617	0.741615	0.728484	0.726726	0.741421	0.730029	0.729537	0.73094	0.743855	0.727873	0.727544	0.734339	0.734776	0.738685	0.730167	0.733623	0.729872	0.730058	1	0.733876	0.730883	0.738158	0.744629	0.734619	0.734158	0.744559	0.728919	0.737106	0.738854	0.732587	0.730297	0.73318	0.740194	0.734701	0.714819
0.736555	0.732382	0.747979	0.725532	0.729801	0.716134	0.738147	0.727201	0.736739	0.737782	0.735572	0.735871	0.730026	0.723129	0.733833	0.743697	0.73581	0.730462	0.716473	0.732347	0.737256	0.738027	0.732535	0.727795	0.728932	0.731779	0.734652	0.732501	0.733731	0.735835	0.735151	0.729379	0.723236	0.74876	0.736697	0.733223	0.733876	1	0.735857	0.735929	0.739723	0.735766	0.731742	0.731925	0.736037	0.735325	0.729378	0.733801	0.731947	0.735279	0.733028	0.730076	0.719641
0.728505	0.736574	0.739862	0.730561	0.728357	0.704071	0.738735	0.740047	0.731454	0.723626	0.725473	0.72958	0.732442	0.731946	0.734127	0.730761	0.734882	0.731795	0.73797	0.741384	0.732779	0.726802	0.731784	0.731656	0.735059	0.732905	0.738189	0.736966	0.726656	0.737454	0.735989	0.719431	0.721968	0.735311	0.727462	0.728141	0.730883	0.735857	1	0.738665	0.732076	0.730447	0.729213	0.727588	0.733775	0.732459	0.732234	0.727241	0.728113	0.726381	0.733896	0.729103	0.725552
0.740494	0.743335	0.733736	0.730886	0.739395	0.717461	0.732458	0.744775	0.740084	0.735995	0.736956	0.730029	0.731003	0.730025	0.73774	0.739205	0.735909	0.731118	0.733832	0.744828	0.731253	0.735607	0.734518	0.724394	0.736474	0.748452	0.734603	0.744119	0.726946	0.741445	0.743302	0.746838	0.735434	0.729598	0.739922	0.729845	0.738158	0.735929	0.738665	1	0.741536	0.732337	0.729294	0.738463	0.73582	0.737028	0.736093	0.726952	0.728195	0.731878	0.737241	0.741153	0.721079
0.734567	0.727026	0.739222	0.746907	0.726713	0.715983	0.73101	0.732642	0.730501	0.743317	0.733737	0.732333	0.735403	0.733842	0.732152	0.740159	0.737118	0.741	0.73172	0.737879	0.731609	0.733709	0.731214	0.722441	0.73194	0.738796	0.742227	0.729569	0.728272	0.737214	0.743633	0.741851	0.735906	0.739717	0.745909	0.733197	0.744629	0.739723	0.732076	0.741536	1	0.729261	0.730936	0.74409	0.73277	0.738823	0.732104	0.730409	0.735119	0.741557	0.731675	0.729083	0.727273
0.735907	0.741063	0.734965	0.72332	0.725697	0.722446	0.740212	0.726167	0.726077	0.736652	0.72637	0.735367	0.736809	0.722313	0.741861	0.731503	0.722876	0.724842	0.731201	0.738727	0.734711	0.73641	0.744432	0.729079	0.735192	0.733584	0.741299	0.72307	0.739929	0.735465	0.739653	0.733227	0.740509	0.734515	0.73539	0.736822	0.734619	0.735766	0.730447	0.732337	0.729261	1	0.730024	0.741781	0.729888	0.728684	0.732895	0.736198	0.736337	0.732128	0.731189	0.739579	0.745561
0.730703	0.739345	0.728518	0.730501	0.738532	0.725797	0.73368	0.7207	0.73016	0.73214	0.741518	0.738101	0.73658	0.729738	0.732528	0.732461	0.736024	0.726232	0.734845	0.735996	0.745985	0.734852	0.738885	0.731985	0.730626	0.740102	0.738325	0.731899	0.727352	0.73078	0.740512	0.726276	0.727604	0.726282	0.717294	0.728284	0.734158	0.731742	0.729213	0.729294	0.730936	0.730024	1	0.723475	0.730742	0.733401	0.724258	0.751362	0.73712	0.722398	0.735053	0.733626	0.724378
0.739815	0.737741	0.73157	0.735879	0.743825	0.71282	0.738676	0.734464	0.733883	0.738792	0.721678	0.723914	0.74008	0.735236	0.732364	0.731077	0.733645	0.737111	0.734614	0.730707	0.735045	0.72594	0.725892	0.726335	0.728334	0.732766	0.743849	0.722827	0.737788	0.732479	0.736123	0.733751	0.732117	0.732723	0.739221	0.728327	0.744559	0.731925	0.727588	0.738463	0.74409	0.741781	0.723475	1	0.728885	0.735886	0.737679	0.735339	0.738075	0.731826	0.727487	0.735191	0.733016
0.728512	0.727802	0.734721	0.738614	0.737361	0.703128	0.733744	0.731043	0.737509	0.727968	0.723056	0.728035	0.730325	0.733208	0.731278	0.731795	0.740666	0.728724	0.73057	0.732985	0.73789	0.735288	0.725704	0.73077	0.725457	0.725975	0.733384	0.734432	0.740496	0.733516	0.727845	0.733002	0.737455	0.73435	0.738487	0.734986	0.728919	0.736037	0.733775	0.73582	0.73277	0.729888	0.730742	0.728885	1	0.734014	0.729638	0.729336	0.739289	0.742501	0.729299	0.738927	0.736948
0.7326	0.741372	0.730494	0.728099	0.742179	0.708424	0.740778	0.739955	0.743311	0.732038	0.733089	0.731708	0.733821	0.734786	0.732093	0.734575	0.735737	0.740494	0.731152	0.744516	0.735946	0.737363	0.740157	0.726926	0.72762	0.733154	0.735678	0.737304	0.731302	0.718304	0.734976	0.737432	0.739113	0.739611	0.74199	0.73405	0.737106	0.735325	0.732459	0.737028	0.738823	0.728684	0.733401	0.735886	0.734014	1	0.738835	0.740723	0.741669	0.726446	0.750224	0.739744	0.735048
0.731466	0.732817	0.727991	0.732191	0.73123	0.718338	0.730806	0.740566	0.72708	0.726556	0.73001	0.747345	0.72322	0.731684	0.741559	0.736647	0.724469	0.732286	0.733453	0.740655	0.735824	0.734695	0.736828	0.732045	0.737384	0.739414	0.726383	0.733339	0.729826	0.731893	0.725665	0.735911	0.73619	0.741741	0.73577	0.731986	0.738854	0.729378	0.732234	0.736093	0.732104	0.732895	0.724258	0.737679	0.729638	0.738835	1	0.739128	0.7473	0.734264	0.735075	0.731089	0.728067
0.734832	0.735362	0.725458	0.738832	0.730179	0.71293	0.740726	0.730559	0.737759	0.737414	0.737574	0.729905	0.734334	0.739879	0.744366	0.731395	0.731077	0.725586	0.735407	0.740154	0.740444	0.735757	0.73148	0.73282	0.732342	0.729754	0.731932	0.731975	0.737338	0.724078	0.728703	0.724582	0.729158	0.725182	0.724858	0.738154	0.732587	0.733801	0.727241	0.726952	0.730409	0.736198	0.751362	0.735339	0.729336	0.740723	0.739128	1	0.731864	0.734618	0.736501	0.730685	0.730884
0.733369	0.741899	0.727416	0.737285	0.729537	0.711237	0.741739	0.731684	0.730671	0.738063	0.73302	0.740017	0.73615	0.730253	0.738182	0.743912	0.722669	0.743151	0.723137	0.743001	0.725494	0.732923	0.731965	0.740922	0.743699	0.735526	0.737663	0.730635	0.734501	0.726504	0.728959	0.73689	0.738535	0.738464	0.733974	0.730498	0.730297	0.731947	0.728113	0.728195	0.735119	0.736337	0.73712	0.738075	0.739289	0.741669	0.7473	0.731864	1	0.731314	0.748874	0.73658	0.730429
0.725861	0.729922	0.736868	0.723427	0.728742	0.712288	0.729615	0.73343	0.726173	0.72122	0.722251	0.727629	0.731043	0.727732	0.725348	0.726445	0.735181	0.727621	0.729012	0.729202	0.732611	0.732764	0.720068	0.722749	0.724826	0.725055	0.727606	0.731636	0.730619	0.736955	0.732817	0.731378	0.72813	0.727862	0.740166	0.734801	0.73318	0.735279	0.726381	0.731878	0.741557	0.732128	0.722398	0.731826	0.742501	0.726446	0.734264	0.734618	0.731314	1	0.726258	0.727955	0.725605
0.735049	0.733864	0.732929	0.734427	0.744698	0.719112	0.739897	0.734614	0.738639	0.731768	0.731975	0.730961	0.736545	0.732955	0.734762	0.741899	0.738854	0.739829	0.73163	0.738575	0.728297	0.733943	0.744944	0.735618	0.729044	0.743925	0.736922	0.727474	0.729355	0.72848	0.737181	0.740773	0.740839	0.73335	0.737757	0.732434	0.740194	0.733028	0.733896	0.737241	0.731675	0.731189	0.735053	0.727487	0.729299	0.750224	0.735075	0.736501	0.748874	0.726258	1	0.744033	0.731087
0.741976	0.741905	0.736597	0.732833	0.737953	0.71765	0.733195	0.736323	0.737559	0.733883	0.737332	0.732025	0.740253	0.725442	0.723662	0.740599	0.741804	0.739931	0.729986	0.73267	0.737727	0.731651	0.727305	0.731505	0.731434	0.735373	0.742056	0.738268	0.740064	0.728778	0.745457	0.726807	0.736666	0.731882	0.73778	0.738662	0.734701	0.730076	0.729103	0.741153	0.729083	0.739579	0.733626	0.735191	0.738927	0.739744	0.731089	0.730685	0.73658	0.727955	0.744033	1	0.735954
0.731458	0.734572	0.728231	0.723695	0.72712	0.703781	0.73567	0.731412	0.731716	0.728441	0.726475	0.736005	0.72759	0.738229	0.738029	0.731201	0.733802	0.736203	0.733007	0.723343	0.729731	0.731388	0.736538	0.727471	0.73458	0.731482	0.740164	0.733865	0.737856	0.727581	0.735377	0.723283	0.728028	0.728675	0.731936	0.727321	0.714819	0.719641	0.725552	0.721079	0.727273	0.745561	0.724378	0.733016	0.736948	0.735048	0.728067	0.730884	0.730429	0.725605	0.731087	0.735954	1
