1	0.710624	0.73401	0.74033	0.733201	0.736974	0.71423	0.710992	0.739613	0.708252	0.710703	0.706396	0.711359	0.732375	0.738189	0.709991	0.70755	0.706795	0.706843	0.748546	0.738663	0.709879	0.739676	0.711832	0.710349	0.70596	0.713849	0.74574	0.739969	0.731837	0.708328	0.71153	0.706322	0.711914	0.742748	0.707798	0.709346	0.739318	0.752586	0.730894	0.744188	0.741526	0.710772	0.712626	0.709706	0.730852	0.70832	0.707759	0.735881	0.736892	0.74386	0.739603	0.71061	0.709797	0.710224	0.746756	0.734636	0.709295	0.705924	0.707425	0.709985	0.71205	0.711938	0.708003	0.73418	0.736442	0.735456	0.741267	0.743956	0.74278	0.73354	0.726221	0.710958	0.708655	0.739423	0.711742	0.707687	0.712814	0.709674	0.711697	0.709114	0.708032	0.707308	0.710499	0.741104	0.738087	0.736736	0.742756	0.739664	0.746122	0.742684	0.736909	0.708102	0.740686	0.743449	0.707746	0.745362	0.708429	0.715268	0.709106
0.710624	1	0.70596	0.713411	0.706275	0.715308	0.759982	0.762143	0.714139	0.763211	0.754938	0.739441	0.75555	0.709833	0.712246	0.754519	0.763113	0.763989	0.763155	0.711083	0.709184	0.74837	0.715162	0.758699	0.758972	0.755545	0.80954	0.710504	0.707374	0.714322	0.76005	0.755297	0.756064	0.762872	0.710359	0.75991	0.75716	0.710701	0.711699	0.70771	0.70841	0.710289	0.755488	0.748271	0.757428	0.70712	0.755546	0.758915	0.706056	0.711972	0.710833	0.712617	0.754297	0.7566	0.758848	0.707933	0.710924	0.753753	0.769974	0.753851	0.756465	0.766856	0.754337	0.758532	0.710804	0.701033	0.711207	0.713023	0.714043	0.709565	0.710332	0.704646	0.759041	0.751074	0.710123	0.761938	0.756715	0.758371	0.754063	0.761716	0.751829	0.755368	0.753966	0.756936	0.707651	0.712869	0.715002	0.710853	0.709735	0.709735	0.713449	0.707411	0.755341	0.697855	0.706767	0.749173	0.707805	0.757844	0.763656	0.754503
0.73401	0.70596	1	0.740014	0.729555	0.735339	0.705979	0.706055	0.735821	0.702627	0.704824	0.698981	0.705421	0.735746	0.7343	0.703794	0.701856	0.704393	0.70149	0.732477	0.735129	0.699352	0.732277	0.706562	0.705071	0.704568	0.707318	0.733887	0.743272	0.732337	0.700813	0.706834	0.704019	0.706426	0.744154	0.703526	0.705226	0.740203	0.739541	0.737375	0.737265	0.733966	0.707298	0.70056	0.702216	0.743096	0.709299	0.706156	0.728852	0.743521	0.74345	0.739168	0.704584	0.703978	0.710624	0.746677	0.736683	0.706931	0.707659	0.702571	0.704761	0.705315	0.705548	0.705649	0.739278	0.7287	0.742838	0.732373	0.74375	0.737459	0.744763	0.739208	0.705458	0.705633	0.736837	0.708972	0.706574	0.709194	0.709191	0.704356	0.708643	0.701942	0.704386	0.70438	0.738443	0.745251	0.732744	0.736662	0.74824	0.734309	0.742479	0.739913	0.707261	0.732423	0.741709	0.700957	0.737961	0.708584	0.702619	0.704217
0.74033	0.713411	0.740014	1	0.732909	0.735876	0.712252	0.715327	0.734616	0.712357	0.71242	0.704056	0.712974	0.735477	0.738697	0.709956	0.706903	0.711195	0.711229	0.740094	0.740326	0.712119	0.743972	0.7127	0.710564	0.713736	0.714673	0.737676	0.737092	0.740093	0.708597	0.713027	0.712413	0.71372	0.734545	0.708642	0.713914	0.741493	0.736617	0.735873	0.732991	0.738939	0.712534	0.712796	0.712022	0.732149	0.71486	0.715602	0.735986	0.737704	0.734794	0.741017	0.714223	0.71292	0.717536	0.729869	0.730353	0.710157	0.713841	0.708294	0.711613	0.713693	0.712366	0.713447	0.73604	0.730016	0.734815	0.737841	0.739941	0.746629	0.734206	0.736923	0.713879	0.713557	0.74585	0.714777	0.715875	0.717633	0.713301	0.71057	0.711338	0.712286	0.710924	0.709667	0.732467	0.737209	0.737823	0.73807	0.745159	0.735043	0.742085	0.746194	0.711216	0.728091	0.738956	0.711744	0.740425	0.711756	0.709715	0.712373
0.733201	0.706275	0.729555	0.732909	1	0.73254	0.705132	0.712774	0.728221	0.707706	0.706726	0.699156	0.707999	0.733003	0.730871	0.701856	0.706189	0.70797	0.703525	0.733603	0.732444	0.704912	0.736508	0.708364	0.710882	0.703515	0.708331	0.732087	0.73683	0.734172	0.704169	0.705801	0.705841	0.708724	0.734609	0.706009	0.705492	0.740224	0.728704	0.73652	0.731083	0.737117	0.705165	0.709724	0.704888	0.729845	0.707028	0.707391	0.730958	0.739052	0.736907	0.725519	0.707423	0.707492	0.70937	0.737474	0.727156	0.709604	0.707314	0.70846	0.709767	0.704181	0.710152	0.706271	0.7388	0.725432	0.725129	0.736929	0.731375	0.734691	0.733349	0.739917	0.70847	0.708784	0.733378	0.709657	0.709289	0.706066	0.708387	0.706277	0.708039	0.706615	0.707198	0.704913	0.738824	0.733784	0.731312	0.732734	0.734119	0.730081	0.737545	0.734602	0.705626	0.727733	0.728531	0.703835	0.731001	0.708015	0.707589	0.707445
0.736974	0.715308	0.735339	0.735876	0.73254	1	0.714019	0.712839	0.732232	0.712647	0.712922	0.704578	0.712098	0.733644	0.733004	0.706161	0.710883	0.71106	0.712511	0.745956	0.731693	0.711414	0.737727	0.712548	0.710145	0.710055	0.715118	0.732145	0.741204	0.732033	0.710405	0.714446	0.710813	0.713938	0.731432	0.712352	0.708121	0.731546	0.739885	0.739047	0.739049	0.740881	0.713529	0.711603	0.711023	0.74156	0.713436	0.717148	0.735302	0.740301	0.735216	0.741712	0.714615	0.712167	0.715376	0.728672	0.739071	0.713653	0.710281	0.709128	0.707191	0.709975	0.712846	0.713498	0.738184	0.727171	0.742144	0.740153	0.739327	0.739223	0.743932	0.733047	0.711275	0.714253	0.741964	0.715726	0.711176	0.71636	0.717182	0.714457	0.713266	0.710788	0.708381	0.709494	0.73026	0.737792	0.733579	0.738767	0.743265	0.738785	0.733307	0.739049	0.715584	0.728807	0.733327	0.70976	0.738715	0.713259	0.713983	0.708666
0.71423	0.759982	0.705979	0.712252	0.705132	0.714019	1	0.75751	0.714941	0.756486	0.758912	0.751149	0.760654	0.711465	0.712388	0.75883	0.754281	0.764435	0.751899	0.71317	0.708955	0.762177	0.714978	0.75931	0.759251	0.768054	0.759287	0.710138	0.709733	0.714243	0.756662	0.753041	0.756058	0.759977	0.707802	0.757814	0.755944	0.712865	0.713717	0.706726	0.706297	0.708671	0.752333	0.761565	0.763908	0.705911	0.759424	0.759547	0.706675	0.713232	0.716207	0.712607	0.757754	0.765513	0.753018	0.711802	0.711877	0.760825	0.761769	0.756384	0.757047	0.75498	0.760302	0.758987	0.710661	0.701078	0.71315	0.71061	0.715742	0.71305	0.714493	0.704564	0.755128	0.758821	0.709529	0.76458	0.750256	0.762782	0.7613	0.759699	0.751355	0.763062	0.755706	0.75702	0.708017	0.713027	0.71147	0.710007	0.709278	0.710204	0.712165	0.713197	0.763706	0.698473	0.714701	0.75267	0.711544	0.75673	0.764037	0.757187
0.710992	0.762143	0.706055	0.715327	0.712774	0.712839	0.75751	1	0.714191	0.751572	0.754009	0.735918	0.757911	0.712451	0.710846	0.752264	0.750125	0.759622	0.756791	0.709762	0.711925	0.751972	0.714522	0.744273	0.756916	0.749508	0.758332	0.715111	0.70829	0.718041	0.762764	0.751757	0.748146	0.749567	0.710427	0.753037	0.757193	0.710419	0.708246	0.705852	0.708015	0.713195	0.748254	0.750588	0.75121	0.710411	0.760495	0.752797	0.709142	0.71236	0.71093	0.711417	0.758421	0.759518	0.760318	0.709851	0.711398	0.76345	0.762641	0.753161	0.757719	0.754656	0.753711	0.751446	0.711368	0.702127	0.711988	0.712599	0.713844	0.713941	0.710591	0.705714	0.768753	0.76164	0.710726	0.756032	0.760728	0.757347	0.751873	0.7542	0.757275	0.753623	0.751036	0.748774	0.706246	0.713604	0.711606	0.71196	0.711203	0.711718	0.707112	0.710813	0.749731	0.69641	0.711902	0.758898	0.708994	0.755575	0.759348	0.751704
0.739613	0.714139	0.735821	0.734616	0.728221	0.732232	0.714941	0.714191	1	0.712562	0.711253	0.704768	0.714314	0.72576	0.733993	0.707182	0.708067	0.713287	0.71092	0.736271	0.735018	0.71119	0.741294	0.713355	0.713343	0.711409	0.709465	0.737302	0.7493	0.744217	0.710636	0.714308	0.712603	0.7122	0.735149	0.712024	0.712416	0.733875	0.736879	0.738041	0.728972	0.741878	0.712738	0.712527	0.712769	0.74003	0.714734	0.710219	0.74086	0.744949	0.740918	0.737374	0.712004	0.712834	0.713901	0.745129	0.740033	0.712236	0.709569	0.710763	0.709357	0.711996	0.712107	0.709547	0.74519	0.726608	0.73623	0.745539	0.738909	0.732466	0.742303	0.734634	0.710987	0.710784	0.732616	0.716444	0.709758	0.714215	0.716966	0.711415	0.710964	0.710862	0.709864	0.710932	0.738927	0.743668	0.734638	0.739948	0.733821	0.747479	0.750615	0.735208	0.711598	0.72698	0.737202	0.711704	0.735166	0.711678	0.711316	0.708974
0.708252	0.763211	0.702627	0.712357	0.707706	0.712647	0.756486	0.751572	0.712562	1	0.768995	0.72602	0.751866	0.714795	0.706763	0.756786	0.750778	0.767087	0.749644	0.709494	0.7093	0.753138	0.713273	0.76105	0.767172	0.757275	0.753068	0.709762	0.704027	0.710642	0.748299	0.76001	0.76271	0.752931	0.703975	0.757473	0.749752	0.709555	0.709306	0.704672	0.701461	0.70811	0.750491	0.758833	0.76004	0.703105	0.758999	0.761493	0.703374	0.71004	0.70871	0.711839	0.751418	0.761163	0.76434	0.709697	0.709993	0.749609	0.762993	0.758518	0.75006	0.758528	0.753678	0.755586	0.710428	0.698961	0.711826	0.709863	0.71164	0.711422	0.709231	0.70487	0.748964	0.753068	0.704462	0.753379	0.767223	0.747243	0.752995	0.757734	0.760756	0.750717	0.754666	0.760664	0.703029	0.711542	0.710013	0.709013	0.707182	0.709341	0.709416	0.710865	0.758732	0.695765	0.710092	0.74707	0.705775	0.756953	0.755547	0.746965
0.710703	0.754938	0.704824	0.71242	0.706726	0.712922	0.758912	0.754009	0.711253	0.768995	1	0.73452	0.749054	0.710461	0.711655	0.75413	0.754953	0.755086	0.751789	0.709929	0.71365	0.755653	0.714142	0.752819	0.765371	0.758252	0.755033	0.711979	0.710198	0.716124	0.764704	0.752574	0.750133	0.756645	0.711174	0.752157	0.754928	0.7129	0.714056	0.706406	0.709218	0.709558	0.75938	0.76077	0.762418	0.708776	0.76619	0.754982	0.709512	0.714192	0.712574	0.715924	0.757522	0.754916	0.759407	0.708868	0.71134	0.758728	0.765634	0.752367	0.746022	0.749464	0.749524	0.76787	0.709609	0.700939	0.70927	0.712538	0.712971	0.715571	0.710248	0.706016	0.752642	0.75152	0.709135	0.761098	0.749904	0.749151	0.760563	0.765056	0.759403	0.763538	0.75357	0.75358	0.706759	0.713563	0.712956	0.714855	0.709702	0.71313	0.71112	0.708647	0.75235	0.698398	0.712325	0.752082	0.708275	0.766084	0.759876	0.75045
0.706396	0.739441	0.698981	0.704056	0.699156	0.704578	0.751149	0.735918	0.704768	0.72602	0.73452	1	0.74043	0.703289	0.707274	0.737493	0.741392	0.738773	0.744475	0.702995	0.702853	0.744086	0.704025	0.737816	0.732346	0.740129	0.743729	0.702685	0.69998	0.704532	0.731729	0.735251	0.733308	0.738196	0.699815	0.740803	0.744682	0.702465	0.706076	0.698882	0.701168	0.702441	0.741282	0.737652	0.73929	0.700343	0.746349	0.733732	0.699734	0.707825	0.702716	0.706115	0.742984	0.736565	0.73658	0.703172	0.700151	0.742334	0.740468	0.743791	0.734265	0.736056	0.741632	0.741094	0.700594	0.699269	0.702957	0.702084	0.702215	0.703396	0.706178	0.698248	0.740375	0.729562	0.697823	0.741715	0.740459	0.745583	0.749025	0.737436	0.729169	0.734017	0.742402	0.737514	0.697322	0.704742	0.704421	0.706184	0.700146	0.701898	0.70137	0.700624	0.735952	0.696114	0.70718	0.737449	0.706258	0.743889	0.742065	0.729268
0.711359	0.75555	0.705421	0.712974	0.707999	0.712098	0.760654	0.757911	0.714314	0.751866	0.749054	0.74043	1	0.71233	0.708676	0.750748	0.757932	0.758582	0.75801	0.708627	0.707652	0.75674	0.714288	0.74818	0.75872	0.758985	0.754928	0.705972	0.707889	0.714146	0.749131	0.754546	0.747581	0.759015	0.707834	0.753966	0.755784	0.712091	0.710761	0.702954	0.708535	0.707086	0.752443	0.751096	0.771063	0.710113	0.765277	0.75752	0.705485	0.712617	0.709382	0.714269	0.762045	0.758848	0.753975	0.710802	0.710208	0.759113	0.757007	0.76239	0.754207	0.751844	0.755997	0.752398	0.710303	0.702185	0.708897	0.709831	0.710707	0.708158	0.708351	0.705809	0.759454	0.760288	0.707725	0.75465	0.753435	0.761319	0.755926	0.759854	0.75585	0.762393	0.753007	0.762068	0.707323	0.711789	0.708872	0.711357	0.712257	0.707342	0.708229	0.713123	0.762774	0.697888	0.713187	0.752045	0.706052	0.761581	0.755892	0.757392
0.732375	0.709833	0.735746	0.735477	0.733003	0.733644	0.711465	0.712451	0.72576	0.714795	0.710461	0.703289	0.71233	1	0.727687	0.710813	0.707153	0.709532	0.709925	0.732293	0.735727	0.704983	0.735908	0.711838	0.713501	0.709168	0.713298	0.72861	0.732687	0.734132	0.711122	0.711117	0.705396	0.712499	0.728038	0.707579	0.710156	0.733099	0.737293	0.729759	0.732141	0.733439	0.712404	0.710834	0.709841	0.731554	0.710162	0.709266	0.733123	0.734623	0.734476	0.738496	0.710123	0.710972	0.710008	0.729442	0.737202	0.713232	0.7103	0.711199	0.710917	0.711464	0.71379	0.709872	0.730779	0.725436	0.731799	0.726798	0.741934	0.7374	0.728794	0.729899	0.711206	0.712239	0.734588	0.715247	0.711272	0.710398	0.711905	0.708839	0.713935	0.708065	0.712335	0.713017	0.727796	0.733802	0.730322	0.734019	0.735377	0.734698	0.730031	0.732238	0.713477	0.726626	0.731368	0.710945	0.732226	0.712468	0.712139	0.707128
0.738189	0.712246	0.7343	0.738697	0.730871	0.733004	0.712388	0.710846	0.733993	0.706763	0.711655	0.707274	0.708676	0.727687	1	0.70681	0.708873	0.708493	0.707665	0.741343	0.737724	0.707792	0.739127	0.710314	0.708015	0.710175	0.712156	0.736301	0.73806	0.735624	0.707885	0.710364	0.711214	0.710338	0.742901	0.706824	0.707848	0.731766	0.733822	0.737172	0.733935	0.732358	0.708358	0.711977	0.708975	0.73269	0.710508	0.708238	0.724992	0.7353	0.74331	0.734193	0.710156	0.710182	0.713804	0.73969	0.737176	0.711197	0.708786	0.704926	0.712702	0.712022	0.712786	0.712962	0.73547	0.726811	0.734773	0.740508	0.734533	0.737866	0.729655	0.723706	0.711154	0.71089	0.734604	0.714218	0.710938	0.71341	0.710126	0.710686	0.709773	0.709968	0.709476	0.712306	0.734618	0.735547	0.733503	0.734998	0.737588	0.743676	0.741966	0.733419	0.709781	0.720656	0.740283	0.710007	0.736758	0.712771	0.709411	0.707277
0.709991	0.754519	0.703794	0.709956	0.701856	0.706161	0.75883	0.752264	0.707182	0.756786	0.75413	0.737493	0.750748	0.710813	0.70681	1	0.752573	0.751978	0.754042	0.708273	0.70492	0.752393	0.711355	0.752233	0.753782	0.753323	0.763004	0.709305	0.705966	0.709697	0.767669	0.767966	0.754349	0.758416	0.707918	0.754086	0.752537	0.706457	0.709879	0.703948	0.702907	0.707233	0.757731	0.752151	0.753099	0.706431	0.762178	0.754763	0.701058	0.708941	0.707429	0.710484	0.750844	0.750845	0.753271	0.707108	0.711117	0.757491	0.759112	0.75126	0.75288	0.76784	0.756664	0.759837	0.706679	0.69879	0.707716	0.709732	0.708374	0.70683	0.707789	0.706428	0.750016	0.761396	0.707061	0.765797	0.754559	0.749181	0.744633	0.756544	0.753821	0.761638	0.761936	0.753592	0.701428	0.706666	0.706927	0.709518	0.708055	0.707613	0.706829	0.706437	0.753769	0.69513	0.706529	0.755153	0.70713	0.756968	0.758706	0.753688
0.70755	0.763113	0.701856	0.706903	0.706189	0.710883	0.754281	0.750125	0.708067	0.750778	0.754953	0.741392	0.757932	0.707153	0.708873	0.752573	1	0.758208	0.753624	0.709175	0.707213	0.753104	0.70952	0.764232	0.749322	0.758884	0.754478	0.706255	0.704294	0.70921	0.759342	0.759406	0.751133	0.760043	0.704145	0.746997	0.758829	0.708108	0.708716	0.704052	0.702948	0.70703	0.755301	0.753584	0.751919	0.704881	0.763686	0.745916	0.702881	0.710314	0.709397	0.707858	0.75465	0.75385	0.754142	0.705749	0.7078	0.758461	0.75142	0.762447	0.756823	0.760738	0.754602	0.74996	0.70793	0.702175	0.707939	0.709142	0.709412	0.706785	0.707861	0.702737	0.758776	0.753946	0.707998	0.761106	0.753196	0.749156	0.752806	0.755612	0.758938	0.764177	0.749743	0.759312	0.701934	0.708779	0.708942	0.709892	0.70619	0.706686	0.707584	0.705008	0.752009	0.699417	0.71023	0.748327	0.706162	0.760397	0.759376	0.753597
0.706795	0.763989	0.704393	0.711195	0.70797	0.71106	0.764435	0.759622	0.713287	0.767087	0.755086	0.738773	0.758582	0.709532	0.708493	0.751978	0.758208	1	0.764714	0.708308	0.708518	0.758039	0.714083	0.759258	0.761547	0.75472	0.761904	0.7076	0.708067	0.712638	0.759011	0.761194	0.75409	0.757885	0.706969	0.744794	0.76856	0.711259	0.711183	0.705754	0.704985	0.708133	0.753062	0.757953	0.760608	0.706487	0.756451	0.77296	0.706807	0.71247	0.711248	0.709046	0.752501	0.757736	0.758874	0.711593	0.712908	0.763903	0.76519	0.755442	0.757894	0.754589	0.75632	0.762258	0.710384	0.698488	0.711028	0.709326	0.712166	0.709286	0.710791	0.70771	0.759946	0.746821	0.711184	0.758253	0.764203	0.758759	0.755255	0.76028	0.750941	0.754445	0.74959	0.75931	0.708029	0.712291	0.708613	0.709555	0.707982	0.708767	0.708365	0.710422	0.759217	0.696189	0.708254	0.744564	0.70846	0.754232	0.756501	0.751333
0.706843	0.763155	0.70149	0.711229	0.703525	0.712511	0.751899	0.756791	0.71092	0.749644	0.751789	0.744475	0.75801	0.709925	0.707665	0.754042	0.753624	0.764714	1	0.705159	0.703369	0.750429	0.708808	0.741786	0.74897	0.756707	0.760323	0.70537	0.703715	0.712146	0.757343	0.751225	0.756349	0.759625	0.70473	0.750657	0.750176	0.707122	0.71066	0.701289	0.704189	0.70543	0.758962	0.757432	0.754117	0.707865	0.760925	0.757146	0.701463	0.709982	0.706734	0.708427	0.761856	0.755982	0.745984	0.706237	0.710539	0.755683	0.759134	0.758662	0.759494	0.754231	0.749507	0.754589	0.706673	0.699951	0.708586	0.709595	0.71019	0.704585	0.704857	0.704141	0.758076	0.749029	0.705678	0.759047	0.756221	0.749828	0.763685	0.745605	0.746714	0.756501	0.752541	0.758942	0.702811	0.708573	0.708792	0.709368	0.706648	0.705647	0.708518	0.704149	0.75492	0.694791	0.704324	0.74593	0.705627	0.755309	0.76028	0.750179
0.748546	0.711083	0.732477	0.740094	0.733603	0.745956	0.71317	0.709762	0.736271	0.709494	0.709929	0.702995	0.708627	0.732293	0.741343	0.708273	0.709175	0.708308	0.705159	1	0.733964	0.708866	0.737864	0.711062	0.708986	0.7086	0.713046	0.739311	0.74	0.739479	0.708717	0.710452	0.710693	0.71199	0.734203	0.707695	0.710484	0.737643	0.745791	0.736257	0.739289	0.739384	0.710398	0.710258	0.706993	0.738518	0.71241	0.708523	0.7346	0.739911	0.739945	0.73857	0.711331	0.708495	0.713199	0.729139	0.740105	0.708563	0.71028	0.710164	0.710692	0.711533	0.712216	0.711143	0.743284	0.726477	0.736951	0.739139	0.740093	0.739906	0.734223	0.728629	0.710439	0.711088	0.741316	0.716109	0.710861	0.711249	0.712456	0.71159	0.709512	0.710299	0.709664	0.708864	0.739084	0.738437	0.735227	0.742459	0.73856	0.753849	0.742929	0.739881	0.708301	0.734977	0.731645	0.71206	0.736787	0.70718	0.708317	0.706617
0.738663	0.709184	0.735129	0.740326	0.732444	0.731693	0.708955	0.711925	0.735018	0.7093	0.71365	0.702853	0.707652	0.735727	0.737724	0.70492	0.707213	0.708518	0.703369	0.733964	1	0.706024	0.738025	0.709581	0.709368	0.70583	0.709129	0.736064	0.734857	0.735522	0.710195	0.711446	0.710118	0.708079	0.740096	0.704928	0.709851	0.740112	0.734868	0.738555	0.732827	0.738528	0.707776	0.707065	0.708123	0.738431	0.71043	0.708649	0.739848	0.74711	0.742048	0.739195	0.70813	0.707943	0.712976	0.731001	0.728857	0.713322	0.708118	0.706839	0.70863	0.707813	0.710831	0.707776	0.7325	0.724783	0.736422	0.73408	0.73941	0.743845	0.733506	0.729843	0.709499	0.709783	0.747345	0.71372	0.71217	0.709387	0.710064	0.71132	0.708028	0.708124	0.707752	0.705422	0.737399	0.740618	0.737024	0.747915	0.737607	0.740682	0.735367	0.734957	0.70944	0.72565	0.740119	0.711758	0.738691	0.712096	0.708487	0.709829
0.709879	0.74837	0.699352	0.712119	0.704912	0.711414	0.762177	0.751972	0.71119	0.753138	0.755653	0.744086	0.75674	0.704983	0.707792	0.752393	0.753104	0.758039	0.750429	0.708866	0.706024	1	0.709909	0.75301	0.756522	0.755431	0.759693	0.709756	0.707035	0.712039	0.753573	0.75725	0.748575	0.761451	0.708211	0.750579	0.755922	0.708181	0.713661	0.703652	0.703891	0.705611	0.759514	0.763929	0.764221	0.705418	0.750834	0.754704	0.706016	0.71403	0.708889	0.709549	0.760643	0.761756	0.753946	0.707981	0.705765	0.759102	0.751328	0.748126	0.758831	0.751565	0.751217	0.760081	0.710142	0.695628	0.706582	0.708436	0.709568	0.709999	0.711581	0.703191	0.75866	0.75268	0.705637	0.753102	0.754826	0.757572	0.760244	0.747219	0.751548	0.754289	0.767718	0.752963	0.702835	0.708971	0.709039	0.711938	0.706256	0.707953	0.710878	0.709954	0.761826	0.694857	0.710963	0.750941	0.705596	0.753753	0.754598	0.75782
0.739676	0.715162	0.732277	0.743972	0.736508	0.737727	0.714978	0.714522	0.741294	0.713273	0.714142	0.704025	0.714288	0.735908	0.739127	0.711355	0.70952	0.714083	0.708808	0.737864	0.738025	0.709909	1	0.714018	0.712965	0.712102	0.715399	0.745244	0.748017	0.736924	0.711156	0.714053	0.711473	0.715704	0.740969	0.711177	0.711109	0.737843	0.739523	0.739909	0.735469	0.732902	0.715213	0.710225	0.71316	0.734914	0.714543	0.712672	0.737138	0.742923	0.74444	0.74128	0.708132	0.711113	0.715101	0.73589	0.743785	0.711885	0.714687	0.711085	0.71224	0.712492	0.714698	0.713313	0.73987	0.725625	0.742483	0.738515	0.739449	0.73806	0.736536	0.728523	0.7133	0.716375	0.742156	0.716516	0.717849	0.718509	0.714651	0.711184	0.709764	0.712962	0.711358	0.712256	0.738325	0.736702	0.73802	0.740932	0.745261	0.747952	0.74521	0.750401	0.711372	0.731392	0.7366	0.710457	0.73385	0.716308	0.712502	0.710035
0.711832	0.758699	0.706562	0.7127	0.708364	0.712548	0.75931	0.744273	0.713355	0.76105	0.752819	0.737816	0.74818	0.711838	0.710314	0.752233	0.764232	0.759258	0.741786	0.711062	0.709581	0.75301	0.714018	1	0.752891	0.750778	0.753026	0.712034	0.712249	0.709472	0.749622	0.757435	0.756477	0.759741	0.70926	0.749	0.755688	0.715355	0.714031	0.706619	0.705429	0.710611	0.752775	0.754535	0.749931	0.710922	0.753468	0.759566	0.707773	0.715423	0.71277	0.715485	0.749814	0.758186	0.754111	0.712058	0.714113	0.753103	0.744232	0.754071	0.763259	0.760399	0.75895	0.763573	0.710047	0.700887	0.711535	0.712939	0.710794	0.712441	0.71063	0.708008	0.751534	0.754194	0.710713	0.752959	0.756457	0.758016	0.758209	0.76093	0.752306	0.755317	0.745763	0.756024	0.704617	0.715309	0.711011	0.71232	0.707169	0.710457	0.712554	0.711402	0.756662	0.698566	0.711155	0.752904	0.709276	0.75815	0.761613	0.749977
0.710349	0.758972	0.705071	0.710564	0.710882	0.710145	0.759251	0.756916	0.713343	0.767172	0.765371	0.732346	0.75872	0.713501	0.708015	0.753782	0.749322	0.761547	0.74897	0.708986	0.709368	0.756522	0.712965	0.752891	1	0.759195	0.752218	0.708935	0.708252	0.71505	0.75619	0.762203	0.756136	0.754065	0.709445	0.757755	0.750456	0.710424	0.712111	0.710231	0.708685	0.70881	0.757089	0.752284	0.754353	0.708532	0.760319	0.763711	0.705712	0.714939	0.710213	0.714286	0.759762	0.758738	0.75627	0.712548	0.711654	0.755757	0.754493	0.751337	0.757209	0.74966	0.75633	0.755589	0.710376	0.699196	0.712362	0.711057	0.712414	0.7088	0.712041	0.706515	0.746807	0.754248	0.709402	0.753315	0.756091	0.745601	0.752683	0.757228	0.755659	0.75705	0.754485	0.761503	0.706819	0.71318	0.708802	0.713717	0.709435	0.710318	0.708235	0.713825	0.752073	0.697871	0.710393	0.750408	0.708846	0.75557	0.748742	0.76004
0.70596	0.755545	0.704568	0.713736	0.703515	0.710055	0.768054	0.749508	0.711409	0.757275	0.758252	0.740129	0.758985	0.709168	0.710175	0.753323	0.758884	0.75472	0.756707	0.7086	0.70583	0.755431	0.712102	0.750778	0.759195	1	0.751788	0.708442	0.704119	0.710455	0.749718	0.751967	0.766953	0.758963	0.703406	0.752687	0.749654	0.708243	0.712714	0.703384	0.704462	0.707136	0.755137	0.760638	0.75754	0.7049	0.764878	0.747668	0.706308	0.710042	0.708998	0.713267	0.753575	0.762202	0.757806	0.709899	0.707579	0.750932	0.764429	0.765304	0.745044	0.756063	0.75298	0.750274	0.706926	0.696671	0.709039	0.704865	0.712156	0.706522	0.710055	0.704438	0.757238	0.756832	0.703253	0.760784	0.755133	0.764277	0.755726	0.755467	0.754547	0.755009	0.763443	0.765723	0.702942	0.712228	0.707679	0.711925	0.707222	0.708961	0.71223	0.708946	0.760706	0.693522	0.707122	0.748866	0.703769	0.758014	0.748029	0.760194
0.713849	0.80954	0.707318	0.714673	0.708331	0.715118	0.759287	0.758332	0.709465	0.753068	0.755033	0.743729	0.754928	0.713298	0.712156	0.763004	0.754478	0.761904	0.760323	0.713046	0.709129	0.759693	0.715399	0.753026	0.752218	0.751788	1	0.712976	0.709947	0.71533	0.766628	0.761039	0.748855	0.766452	0.709974	0.754728	0.761973	0.711198	0.712893	0.704551	0.708354	0.708953	0.763949	0.75424	0.757346	0.708895	0.756172	0.755655	0.709241	0.715275	0.711085	0.711852	0.747854	0.755111	0.764008	0.710548	0.710934	0.761367	0.776508	0.753955	0.761202	0.769664	0.754609	0.754069	0.711024	0.699914	0.71265	0.71317	0.712822	0.711273	0.711266	0.706195	0.764775	0.753208	0.712154	0.760846	0.761997	0.754115	0.754769	0.753221	0.754786	0.756968	0.75819	0.753848	0.707279	0.713429	0.71467	0.711238	0.712018	0.707656	0.709776	0.710621	0.764733	0.698668	0.711377	0.749101	0.711495	0.763474	0.76216	0.753871
0.74574	0.710504	0.733887	0.737676	0.732087	0.732145	0.710138	0.715111	0.737302	0.709762	0.711979	0.702685	0.705972	0.72861	0.736301	0.709305	0.706255	0.7076	0.70537	0.739311	0.736064	0.709756	0.745244	0.712034	0.708935	0.708442	0.712976	1	0.739259	0.73429	0.7084	0.70685	0.709614	0.706143	0.731116	0.706745	0.707251	0.735295	0.740513	0.733144	0.744242	0.742565	0.709374	0.708966	0.709981	0.731416	0.707681	0.70732	0.738897	0.742792	0.73942	0.738795	0.708323	0.710651	0.711581	0.738672	0.731466	0.709101	0.707542	0.70598	0.710515	0.708942	0.708493	0.70624	0.738301	0.73198	0.735208	0.736289	0.738282	0.750899	0.731582	0.730676	0.711696	0.710827	0.730678	0.713732	0.708081	0.710801	0.710739	0.710385	0.707947	0.706007	0.710093	0.709903	0.736823	0.738605	0.74069	0.739938	0.736372	0.746764	0.742829	0.736492	0.706035	0.733733	0.73765	0.708258	0.744335	0.708115	0.707589	0.70613
0.739969	0.707374	0.743272	0.737092	0.73683	0.741204	0.709733	0.70829	0.7493	0.704027	0.710198	0.69998	0.707889	0.732687	0.73806	0.705966	0.704294	0.708067	0.703715	0.74	0.734857	0.707035	0.748017	0.712249	0.708252	0.704119	0.709947	0.739259	1	0.743328	0.707312	0.709145	0.70691	0.710748	0.742634	0.707209	0.70657	0.743355	0.747564	0.748269	0.736063	0.73962	0.707375	0.706048	0.706076	0.740862	0.710992	0.708991	0.74398	0.744763	0.745251	0.738529	0.70839	0.707178	0.710981	0.742653	0.738861	0.709571	0.708846	0.707405	0.707653	0.70755	0.708147	0.706541	0.745417	0.730897	0.737448	0.739284	0.732988	0.741397	0.73888	0.734088	0.70835	0.708106	0.740838	0.711566	0.71066	0.710603	0.711001	0.707501	0.706494	0.706867	0.707906	0.705219	0.743708	0.738383	0.737052	0.741033	0.747128	0.743288	0.739437	0.743006	0.707313	0.73291	0.747444	0.707971	0.740758	0.708863	0.706505	0.709625
0.731837	0.714322	0.732337	0.740093	0.734172	0.732033	0.714243	0.718041	0.744217	0.710642	0.716124	0.704532	0.714146	0.734132	0.735624	0.709697	0.70921	0.712638	0.712146	0.739479	0.735522	0.712039	0.736924	0.709472	0.71505	0.710455	0.71533	0.73429	0.743328	1	0.716241	0.712407	0.712306	0.713237	0.74015	0.710441	0.709968	0.741466	0.738541	0.733524	0.738147	0.739968	0.712506	0.712593	0.709408	0.734077	0.711862	0.712403	0.740887	0.745382	0.738793	0.738604	0.715939	0.712768	0.71467	0.738856	0.731854	0.71287	0.71572	0.710971	0.715068	0.712043	0.714688	0.712111	0.746796	0.72354	0.731511	0.738249	0.737886	0.734694	0.734725	0.730795	0.712971	0.712818	0.735452	0.718743	0.713068	0.71608	0.715653	0.714389	0.713952	0.711091	0.714133	0.713214	0.741283	0.740591	0.733644	0.729092	0.738318	0.742092	0.741384	0.738338	0.713201	0.72127	0.734211	0.712615	0.732596	0.712684	0.712192	0.709654
0.708328	0.76005	0.700813	0.708597	0.704169	0.710405	0.756662	0.762764	0.710636	0.748299	0.764704	0.731729	0.749131	0.711122	0.707885	0.767669	0.759342	0.759011	0.757343	0.708717	0.710195	0.753573	0.711156	0.749622	0.75619	0.749718	0.766628	0.7084	0.707312	0.716241	1	0.749241	0.752343	0.759224	0.708191	0.755751	0.755214	0.705179	0.709274	0.703582	0.707762	0.709043	0.755828	0.754569	0.749672	0.704823	0.756066	0.754164	0.704129	0.709895	0.71178	0.712525	0.753627	0.753859	0.749538	0.708146	0.710241	0.758488	0.765237	0.75779	0.756733	0.761702	0.753389	0.753167	0.708772	0.700131	0.709789	0.709956	0.711883	0.709169	0.709143	0.701669	0.757816	0.75664	0.709821	0.757752	0.75837	0.745948	0.757772	0.755366	0.761898	0.757534	0.746947	0.753223	0.703145	0.708674	0.708322	0.709869	0.706113	0.708232	0.708535	0.706892	0.745506	0.694128	0.710052	0.756451	0.708577	0.760638	0.763418	0.756137
0.71153	0.755297	0.706834	0.713027	0.705801	0.714446	0.753041	0.751757	0.714308	0.76001	0.752574	0.735251	0.754546	0.711117	0.710364	0.767966	0.759406	0.761194	0.751225	0.710452	0.711446	0.75725	0.714053	0.757435	0.762203	0.751967	0.761039	0.70685	0.709145	0.712407	0.749241	1	0.753364	0.757471	0.706825	0.747275	0.760274	0.711178	0.71533	0.70485	0.707683	0.710615	0.757276	0.752912	0.754883	0.707238	0.75592	0.755539	0.704154	0.715341	0.710911	0.711043	0.755069	0.755913	0.755916	0.709689	0.711007	0.757122	0.74893	0.753053	0.765606	0.756767	0.748508	0.754044	0.707631	0.699202	0.709982	0.710783	0.711709	0.711059	0.713233	0.707866	0.753562	0.754063	0.710187	0.754001	0.762568	0.747917	0.749438	0.758578	0.751446	0.762351	0.755327	0.748939	0.706698	0.713137	0.708421	0.714905	0.7106	0.708435	0.709253	0.71253	0.764687	0.698948	0.71142	0.750625	0.708579	0.761671	0.761319	0.757671
0.706322	0.756064	0.704019	0.712413	0.705841	0.710813	0.756058	0.748146	0.712603	0.76271	0.750133	0.733308	0.747581	0.705396	0.711214	0.754349	0.751133	0.75409	0.756349	0.710693	0.710118	0.748575	0.711473	0.756477	0.756136	0.766953	0.748855	0.709614	0.70691	0.712306	0.752343	0.753364	1	0.758255	0.707571	0.755403	0.750632	0.710299	0.714436	0.703477	0.703167	0.708591	0.748183	0.759844	0.756445	0.705714	0.753647	0.7597	0.702758	0.712619	0.708603	0.710859	0.752271	0.762465	0.755175	0.709745	0.70682	0.744312	0.755153	0.750612	0.749865	0.757318	0.75665	0.749514	0.709344	0.69814	0.711448	0.7101	0.709706	0.708346	0.708945	0.703604	0.741153	0.760413	0.704071	0.756264	0.7542	0.754168	0.757168	0.756848	0.753904	0.753714	0.755824	0.756998	0.702103	0.710943	0.709963	0.714677	0.709498	0.709839	0.711804	0.708465	0.746746	0.694817	0.709371	0.75143	0.706616	0.754874	0.752863	0.755459
0.711914	0.762872	0.706426	0.71372	0.708724	0.713938	0.759977	0.749567	0.7122	0.752931	0.756645	0.738196	0.759015	0.712499	0.710338	0.758416	0.760043	0.757885	0.759625	0.71199	0.708079	0.761451	0.715704	0.759741	0.754065	0.758963	0.766452	0.706143	0.710748	0.713237	0.759224	0.757471	0.758255	1	0.711543	0.748309	0.757609	0.709723	0.714557	0.708159	0.70901	0.710627	0.760352	0.749715	0.762636	0.711219	0.754176	0.76186	0.706536	0.711769	0.712913	0.711308	0.755436	0.75567	0.758508	0.706089	0.711939	0.762439	0.766402	0.753556	0.763136	0.756496	0.753332	0.762473	0.711086	0.700721	0.712334	0.71252	0.713563	0.711514	0.713721	0.70371	0.755344	0.762877	0.708957	0.766326	0.759734	0.76087	0.758218	0.753322	0.75575	0.765828	0.762127	0.761543	0.706055	0.714103	0.711926	0.71046	0.709821	0.709294	0.709751	0.709183	0.76418	0.699008	0.712182	0.751905	0.709742	0.760937	0.755509	0.747162
0.742748	0.710359	0.744154	0.734545	0.734609	0.731432	0.707802	0.710427	0.735149	0.703975	0.711174	0.699815	0.707834	0.728038	0.742901	0.707918	0.704145	0.706969	0.70473	0.734203	0.740096	0.708211	0.740969	0.70926	0.709445	0.703406	0.709974	0.731116	0.742634	0.74015	0.708191	0.706825	0.707571	0.711543	1	0.707934	0.710673	0.73065	0.732737	0.74056	0.7389	0.731479	0.707845	0.705445	0.707168	0.739713	0.709888	0.706204	0.735512	0.743473	0.741859	0.740468	0.707162	0.706436	0.708861	0.742168	0.737259	0.706696	0.707844	0.70373	0.705476	0.708507	0.711504	0.707546	0.741187	0.724217	0.740992	0.739408	0.738576	0.737631	0.738021	0.73433	0.708759	0.710018	0.739797	0.711247	0.710122	0.709395	0.711099	0.70987	0.707663	0.709238	0.707282	0.70689	0.739013	0.739201	0.738204	0.73839	0.746629	0.744608	0.748619	0.736983	0.704778	0.730597	0.742193	0.707434	0.737881	0.710743	0.708287	0.704777
0.707798	0.75991	0.703526	0.708642	0.706009	0.712352	0.757814	0.753037	0.712024	0.757473	0.752157	0.740803	0.753966	0.707579	0.706824	0.754086	0.746997	0.744794	0.750657	0.707695	0.704928	0.750579	0.711177	0.749	0.757755	0.752687	0.754728	0.706745	0.707209	0.710441	0.755751	0.747275	0.755403	0.748309	0.707934	1	0.748112	0.708619	0.710625	0.70633	0.705464	0.705731	0.756843	0.755605	0.755905	0.71083	0.760238	0.754572	0.704232	0.712844	0.708265	0.711132	0.762886	0.757677	0.750114	0.71043	0.709538	0.751679	0.752584	0.763553	0.755242	0.755864	0.755713	0.750884	0.702899	0.696395	0.708911	0.709894	0.71104	0.707323	0.706926	0.704957	0.758625	0.754824	0.707081	0.752946	0.753955	0.756375	0.766706	0.756396	0.759644	0.757741	0.756829	0.761122	0.702172	0.710645	0.708974	0.711696	0.70807	0.709048	0.710954	0.709405	0.747967	0.692518	0.708562	0.754735	0.705911	0.75154	0.759872	0.752134
0.709346	0.75716	0.705226	0.713914	0.705492	0.708121	0.755944	0.757193	0.712416	0.749752	0.754928	0.744682	0.755784	0.710156	0.707848	0.752537	0.758829	0.76856	0.750176	0.710484	0.709851	0.755922	0.711109	0.755688	0.750456	0.749654	0.761973	0.707251	0.70657	0.709968	0.755214	0.760274	0.750632	0.757609	0.710673	0.748112	1	0.710437	0.710574	0.705728	0.704506	0.707319	0.755912	0.750825	0.755019	0.707201	0.757597	0.749373	0.70346	0.709811	0.711115	0.710561	0.753964	0.75274	0.761266	0.70782	0.709861	0.755465	0.760504	0.748301	0.75607	0.76116	0.761551	0.749815	0.706649	0.696391	0.708275	0.709478	0.710153	0.711191	0.710931	0.706035	0.759766	0.749841	0.705672	0.757983	0.756144	0.758209	0.757304	0.749339	0.757396	0.759293	0.756868	0.757474	0.704335	0.710866	0.708775	0.712245	0.70971	0.705412	0.708135	0.711797	0.754894	0.693603	0.706525	0.754983	0.706498	0.75651	0.75422	0.753795
0.739318	0.710701	0.740203	0.741493	0.740224	0.731546	0.712865	0.710419	0.733875	0.709555	0.7129	0.702465	0.712091	0.733099	0.731766	0.706457	0.708108	0.711259	0.707122	0.737643	0.740112	0.708181	0.737843	0.715355	0.710424	0.708243	0.711198	0.735295	0.743355	0.741466	0.705179	0.711178	0.710299	0.709723	0.73065	0.708619	0.710437	1	0.738854	0.740054	0.735774	0.741836	0.713526	0.711523	0.708948	0.734117	0.710469	0.709595	0.73995	0.745335	0.738256	0.738686	0.712853	0.709884	0.715793	0.741234	0.734167	0.710841	0.710949	0.708151	0.709573	0.711077	0.71007	0.712771	0.735065	0.730885	0.7268	0.735979	0.738654	0.736946	0.732851	0.726807	0.712161	0.709582	0.743478	0.71306	0.71175	0.71142	0.709798	0.710949	0.708837	0.710169	0.710108	0.711518	0.737053	0.736481	0.734706	0.740315	0.749002	0.736821	0.744886	0.740322	0.712918	0.731779	0.73784	0.708051	0.728696	0.71532	0.708471	0.711458
0.752586	0.711699	0.739541	0.736617	0.728704	0.739885	0.713717	0.708246	0.736879	0.709306	0.714056	0.706076	0.710761	0.737293	0.733822	0.709879	0.708716	0.711183	0.71066	0.745791	0.734868	0.713661	0.739523	0.714031	0.712111	0.712714	0.712893	0.740513	0.747564	0.738541	0.709274	0.71533	0.714436	0.714557	0.732737	0.710625	0.710574	0.738854	1	0.741843	0.748706	0.736517	0.709928	0.710785	0.710608	0.737256	0.715219	0.709944	0.740883	0.744768	0.740573	0.732305	0.709924	0.712575	0.711814	0.737311	0.745099	0.711511	0.71337	0.711949	0.713326	0.713735	0.714118	0.711834	0.741399	0.734512	0.747173	0.738087	0.741617	0.740588	0.73832	0.728588	0.712464	0.712586	0.743448	0.717117	0.711974	0.715713	0.713032	0.709809	0.714094	0.710667	0.71281	0.71396	0.736421	0.74179	0.733132	0.747885	0.739442	0.739125	0.736264	0.740967	0.712817	0.734228	0.741658	0.708325	0.737181	0.712494	0.710931	0.708707
0.730894	0.70771	0.737375	0.735873	0.73652	0.739047	0.706726	0.705852	0.738041	0.704672	0.706406	0.698882	0.702954	0.729759	0.737172	0.703948	0.704052	0.705754	0.701289	0.736257	0.738555	0.703652	0.739909	0.706619	0.710231	0.703384	0.704551	0.733144	0.748269	0.733524	0.703582	0.70485	0.703477	0.708159	0.74056	0.70633	0.705728	0.740054	0.741843	1	0.733727	0.735451	0.706587	0.704042	0.704241	0.747424	0.703205	0.703553	0.735781	0.739187	0.735048	0.739166	0.702894	0.702909	0.710724	0.72928	0.735862	0.70453	0.704339	0.706115	0.706209	0.704876	0.708322	0.704473	0.735041	0.734779	0.733021	0.738128	0.732299	0.740691	0.740256	0.732733	0.707629	0.706058	0.741884	0.705677	0.707014	0.709935	0.70912	0.706618	0.70339	0.704014	0.706558	0.704718	0.740827	0.737084	0.736221	0.740688	0.746207	0.737249	0.737288	0.742163	0.705995	0.73106	0.738055	0.704374	0.734345	0.707484	0.702493	0.70315
0.744188	0.70841	0.737265	0.732991	0.731083	0.739049	0.706297	0.708015	0.728972	0.701461	0.709218	0.701168	0.708535	0.732141	0.733935	0.702907	0.702948	0.704985	0.704189	0.739289	0.732827	0.703891	0.735469	0.705429	0.708685	0.704462	0.708354	0.744242	0.736063	0.738147	0.707762	0.707683	0.703167	0.70901	0.7389	0.705464	0.704506	0.735774	0.748706	0.733727	1	0.736931	0.705673	0.70379	0.707292	0.735849	0.704124	0.703307	0.736928	0.734736	0.741233	0.732951	0.706021	0.704782	0.708923	0.741724	0.732848	0.704569	0.708706	0.70553	0.706624	0.704516	0.705321	0.706345	0.735491	0.731808	0.734376	0.736732	0.737373	0.743313	0.739198	0.724876	0.710534	0.707025	0.740755	0.710661	0.705273	0.710698	0.710499	0.704691	0.705538	0.705292	0.708448	0.710175	0.745927	0.741141	0.731368	0.735732	0.742601	0.744107	0.738575	0.732117	0.703552	0.733919	0.74563	0.706799	0.735657	0.707626	0.705943	0.705059
0.741526	0.710289	0.733966	0.738939	0.737117	0.740881	0.708671	0.713195	0.741878	0.70811	0.709558	0.702441	0.707086	0.733439	0.732358	0.707233	0.70703	0.708133	0.70543	0.739384	0.738528	0.705611	0.732902	0.710611	0.70881	0.707136	0.708953	0.742565	0.73962	0.739968	0.709043	0.710615	0.708591	0.710627	0.731479	0.705731	0.707319	0.741836	0.736517	0.735451	0.736931	1	0.706959	0.708645	0.707352	0.737382	0.711426	0.707616	0.73418	0.737454	0.735634	0.738693	0.710052	0.709993	0.71294	0.739624	0.736303	0.70774	0.707712	0.706107	0.710387	0.707186	0.708795	0.705801	0.736191	0.73383	0.728173	0.736553	0.736167	0.739187	0.741292	0.732438	0.709549	0.708998	0.739814	0.713299	0.708526	0.709532	0.706944	0.708719	0.708191	0.707836	0.708134	0.707398	0.737371	0.736014	0.736202	0.737653	0.741524	0.740965	0.736985	0.732112	0.70864	0.720494	0.734417	0.709978	0.747441	0.710884	0.708001	0.706424
0.710772	0.755488	0.707298	0.712534	0.705165	0.713529	0.752333	0.748254	0.712738	0.750491	0.75938	0.741282	0.752443	0.712404	0.708358	0.757731	0.755301	0.753062	0.758962	0.710398	0.707776	0.759514	0.715213	0.752775	0.757089	0.755137	0.763949	0.709374	0.707375	0.712506	0.755828	0.757276	0.748183	0.760352	0.707845	0.756843	0.755912	0.713526	0.709928	0.706587	0.705673	0.706959	1	0.759368	0.74992	0.706796	0.759244	0.750124	0.704258	0.709677	0.713514	0.714346	0.757126	0.756113	0.752035	0.707857	0.708736	0.75409	0.754973	0.759415	0.760612	0.75385	0.750688	0.763111	0.708723	0.699895	0.706789	0.709999	0.711386	0.708047	0.709192	0.705409	0.755651	0.754345	0.706854	0.756982	0.75386	0.765729	0.761113	0.749266	0.749258	0.762288	0.758523	0.753943	0.705848	0.709916	0.710851	0.714953	0.707496	0.710292	0.71022	0.7115	0.754139	0.702202	0.710875	0.74384	0.70835	0.766688	0.75121	0.758938
0.712626	0.748271	0.70056	0.712796	0.709724	0.711603	0.761565	0.750588	0.712527	0.758833	0.76077	0.737652	0.751096	0.710834	0.711977	0.752151	0.753584	0.757953	0.757432	0.710258	0.707065	0.763929	0.710225	0.754535	0.752284	0.760638	0.75424	0.708966	0.706048	0.712593	0.754569	0.752912	0.759844	0.749715	0.705445	0.755605	0.750825	0.711523	0.710785	0.704042	0.70379	0.708645	0.759368	1	0.74947	0.707185	0.747874	0.758758	0.705688	0.711286	0.708646	0.710539	0.748466	0.757985	0.753533	0.710339	0.707514	0.7428	0.74564	0.753566	0.757018	0.740604	0.755121	0.75285	0.710954	0.698319	0.707618	0.708923	0.711739	0.712997	0.706581	0.705369	0.750967	0.75449	0.703342	0.748241	0.746289	0.751871	0.755132	0.749602	0.753489	0.750265	0.754477	0.755457	0.704961	0.708601	0.709695	0.709784	0.707646	0.708987	0.708867	0.706262	0.762097	0.697266	0.711934	0.746267	0.704499	0.758162	0.754214	0.749943
0.709706	0.757428	0.702216	0.712022	0.704888	0.711023	0.763908	0.75121	0.712769	0.76004	0.762418	0.73929	0.771063	0.709841	0.708975	0.753099	0.751919	0.760608	0.754117	0.706993	0.708123	0.764221	0.71316	0.749931	0.754353	0.75754	0.757346	0.709981	0.706076	0.709408	0.749672	0.754883	0.756445	0.762636	0.707168	0.755905	0.755019	0.708948	0.710608	0.704241	0.707292	0.707352	0.74992	0.74947	1	0.705666	0.758995	0.757122	0.702858	0.712246	0.708659	0.709702	0.750158	0.756207	0.760476	0.704663	0.708216	0.762393	0.756177	0.752444	0.752503	0.755316	0.757391	0.752255	0.708955	0.699883	0.709075	0.708893	0.707059	0.710591	0.706004	0.702221	0.752294	0.757368	0.707843	0.758764	0.754213	0.757016	0.753509	0.750741	0.74909	0.750299	0.759159	0.754623	0.704024	0.710036	0.709487	0.71163	0.707374	0.710463	0.708817	0.710164	0.764784	0.697431	0.711004	0.74774	0.704464	0.752159	0.75445	0.756181
