1	0.724392	0.731713	0.699234	0.697605	0.704337	0.733273	0.699287	0.699343	0.698977
0.724392	1	0.735399	0.699738	0.704469	0.700684	0.73781	0.707107	0.705815	0.703813
0.731713	0.735399	1	0.707521	0.706543	0.708183	0.732285	0.711251	0.708551	0.711642
0.699234	0.699738	0.707521	1	0.751773	0.759714	0.697783	0.758311	0.755318	0.745965
0.697605	0.704469	0.706543	0.751773	1	0.756484	0.704171	0.755044	0.7603	0.756544
0.704337	0.700684	0.708183	0.759714	0.756484	1	0.700294	0.76404	0.754429	0.750263
0.733273	0.73781	0.732285	0.697783	0.704171	0.700294	1	0.705466	0.703762	0.704621
0.699287	0.707107	0.711251	0.758311	0.755044	0.76404	0.705466	1	0.766701	0.755187
0.699343	0.705815	0.708551	0.755318	0.7603	0.754429	0.703762	0.766701	1	0.753909
0.698977	0.703813	0.711642	0.745965	0.756544	0.750263	0.704621	0.755187	0.753909	1
