1	0.738086	0.74047	0.741972	0.73226	0.715615	0.733568	0.732327	0.741741	0.742646	0.741295	0.725556	0.737193	0.737087	0.733193	0.792359	0.738072	0.733028	0.733741	0.74118	0.737964	0.735106	0.73266	0.725063	0.735328	0.732961	0.736768	0.731811	0.734356	0.737034	0.731252	0.74905	0.731439	0.734175	0.745841	0.732392	0.73641	0.736999	0.728424	0.740383	0.73462	0.736283	0.731697	0.739984	0.728993	0.733182	0.731739	0.735108	0.733263	0.726718	0.735501	0.741967	0.731769
0.738086	1	0.735632	0.734591	0.736992	0.728843	0.739344	0.737063	0.732101	0.743206	0.729232	0.740874	0.737972	0.737572	0.74712	0.737385	0.734581	0.730516	0.734003	0.738132	0.735803	0.734074	0.729268	0.739875	0.742822	0.737294	0.737768	0.735808	0.744348	0.730838	0.739259	0.740146	0.734211	0.734791	0.732677	0.739169	0.736829	0.732796	0.737139	0.743527	0.727802	0.741351	0.739917	0.738034	0.728413	0.74178	0.73379	0.735343	0.742625	0.730491	0.734629	0.74251	0.734868
0.74047	0.735632	1	0.729421	0.731795	0.712026	0.736321	0.730015	0.727769	0.738279	0.734871	0.729894	0.721749	0.735296	0.726894	0.736379	0.741531	0.729598	0.725464	0.7267	0.730458	0.735574	0.725078	0.728036	0.728528	0.738723	0.73048	0.736906	0.737913	0.739133	0.742276	0.741319	0.731092	0.735778	0.732553	0.732099	0.728952	0.748184	0.740527	0.734307	0.739406	0.735438	0.729793	0.732194	0.735232	0.731495	0.728884	0.726436	0.727617	0.737849	0.733512	0.737637	0.729023
0.741972	0.734591	0.729421	1	0.748427	0.701264	0.729668	0.735048	0.728418	0.746402	0.726972	0.73109	0.740162	0.746545	0.735416	0.730652	0.725523	0.738502	0.741413	0.730508	0.735476	0.727521	0.727733	0.737156	0.738556	0.737181	0.740056	0.729201	0.739815	0.743531	0.72719	0.741636	0.736988	0.727067	0.736759	0.732011	0.733667	0.726274	0.730875	0.731481	0.746543	0.724347	0.731196	0.736059	0.739145	0.728453	0.732932	0.73962	0.737506	0.724742	0.734817	0.733365	0.72393
0.73226	0.736992	0.731795	0.748427	1	0.710279	0.72639	0.731757	0.732744	0.732993	0.728846	0.733732	0.730616	0.744243	0.736184	0.732426	0.743291	0.730062	0.727382	0.734243	0.729473	0.732772	0.737159	0.738902	0.740977	0.744713	0.732521	0.735508	0.732519	0.737546	0.736848	0.744264	0.729785	0.722555	0.726602	0.727057	0.746793	0.730179	0.728875	0.739731	0.727325	0.726228	0.739162	0.743695	0.737471	0.742362	0.731437	0.731482	0.730198	0.729878	0.744767	0.737909	0.727412
0.715615	0.728843	0.712026	0.701264	0.710279	1	0.717338	0.713789	0.718258	0.715351	0.721337	0.721242	0.714524	0.708123	0.716585	0.720439	0.70738	0.711339	0.709108	0.71438	0.71723	0.721955	0.71753	0.713785	0.715862	0.723227	0.709479	0.71978	0.712556	0.712757	0.719179	0.716836	0.720705	0.710006	0.712093	0.718637	0.717701	0.716931	0.705078	0.718653	0.717086	0.722659	0.72674	0.713761	0.704422	0.709963	0.719321	0.713956	0.712461	0.714079	0.720749	0.718472	0.704381
0.733568	0.739344	0.736321	0.729668	0.72639	0.717338	1	0.728312	0.736412	0.737079	0.736208	0.735244	0.726078	0.737112	0.73755	0.732924	0.726578	0.732674	0.725009	0.737494	0.731765	0.734157	0.729867	0.728627	0.750814	0.744308	0.735857	0.740888	0.737274	0.73218	0.737764	0.73532	0.740873	0.732073	0.729596	0.734708	0.73011	0.738096	0.739008	0.732898	0.731585	0.740105	0.73451	0.738516	0.733866	0.741152	0.731295	0.740768	0.742051	0.730169	0.740315	0.733953	0.735477
0.732327	0.737063	0.730015	0.735048	0.731757	0.713789	0.728312	1	0.730402	0.729812	0.731754	0.73041	0.730168	0.731623	0.731131	0.741648	0.746761	0.747247	0.732376	0.736606	0.731769	0.730557	0.735632	0.729603	0.73079	0.740631	0.732695	0.728491	0.72824	0.731177	0.735664	0.737385	0.728637	0.730384	0.747024	0.735304	0.738193	0.727599	0.740195	0.745093	0.732714	0.72668	0.721779	0.734684	0.731508	0.740173	0.740951	0.731355	0.731956	0.733624	0.734954	0.736707	0.731292
0.741741	0.732101	0.727769	0.728418	0.732744	0.718258	0.736412	0.730402	1	0.736731	0.731284	0.731151	0.743669	0.726779	0.737143	0.73215	0.737728	0.737841	0.728846	0.738367	0.724145	0.737494	0.73284	0.731208	0.729752	0.742321	0.722893	0.732585	0.731673	0.732171	0.736838	0.728937	0.741109	0.734537	0.739303	0.733031	0.72739	0.737165	0.731837	0.739988	0.731277	0.726512	0.730913	0.733704	0.737163	0.743195	0.727356	0.737891	0.730141	0.726181	0.738716	0.737623	0.731137
0.742646	0.743206	0.738279	0.746402	0.732993	0.715351	0.737079	0.729812	0.736731	1	0.743405	0.736364	0.738052	0.740311	0.732517	0.740383	0.737447	0.73994	0.73206	0.736015	0.721662	0.748186	0.730332	0.735969	0.739228	0.734404	0.752777	0.730079	0.736031	0.737332	0.742778	0.744217	0.733509	0.736064	0.732387	0.734943	0.740816	0.738512	0.724003	0.736762	0.74332	0.73715	0.733402	0.738903	0.728353	0.732451	0.727314	0.738002	0.737989	0.721915	0.732077	0.734453	0.728586
0.741295	0.729232	0.734871	0.726972	0.728846	0.721337	0.736208	0.731754	0.731284	0.743405	1	0.727358	0.718507	0.725911	0.734506	0.738404	0.735222	0.728672	0.734073	0.737586	0.727945	0.727075	0.736787	0.735326	0.7318	0.738996	0.734877	0.7403	0.733829	0.722931	0.733427	0.737119	0.736569	0.737448	0.731765	0.727059	0.732182	0.735996	0.726147	0.73743	0.734095	0.726946	0.741883	0.722393	0.72339	0.734405	0.730176	0.737157	0.732989	0.723054	0.732905	0.738292	0.727072
0.725556	0.740874	0.729894	0.73109	0.733732	0.721242	0.735244	0.73041	0.731151	0.736364	0.727358	1	0.731475	0.735099	0.733548	0.738106	0.731604	0.735728	0.726081	0.74008	0.728241	0.73394	0.737698	0.742629	0.743311	0.728366	0.73282	0.739414	0.740603	0.732031	0.737698	0.729003	0.725548	0.73719	0.729124	0.72933	0.738574	0.737168	0.730663	0.731293	0.733185	0.735962	0.738702	0.724613	0.729284	0.732475	0.747294	0.731093	0.740848	0.728917	0.7316	0.732417	0.736025
0.737193	0.737972	0.721749	0.740162	0.730616	0.714524	0.726078	0.730168	0.743669	0.738052	0.718507	0.731475	1	0.731178	0.72858	0.730827	0.727428	0.736026	0.735052	0.738216	0.72659	0.734201	0.730445	0.732659	0.727582	0.731398	0.738144	0.727484	0.736745	0.732556	0.730694	0.721249	0.732113	0.742145	0.739092	0.738118	0.742341	0.729485	0.732384	0.73133	0.735218	0.73662	0.737085	0.739898	0.730189	0.733786	0.723353	0.734684	0.735329	0.731281	0.736644	0.740427	0.727521
0.737087	0.737572	0.735296	0.746545	0.744243	0.708123	0.737112	0.731623	0.726779	0.740311	0.725911	0.735099	0.731178	1	0.737604	0.729583	0.734358	0.740913	0.734214	0.731862	0.736169	0.728032	0.734876	0.729947	0.732368	0.738604	0.742417	0.738321	0.737206	0.734357	0.733854	0.732353	0.728975	0.735362	0.72703	0.73485	0.733468	0.723925	0.732392	0.731322	0.734424	0.72264	0.730829	0.735457	0.733555	0.735415	0.73262	0.740355	0.730086	0.728394	0.733447	0.725871	0.738199
0.733193	0.74712	0.726894	0.735416	0.736184	0.716585	0.73755	0.731131	0.737143	0.732517	0.734506	0.733548	0.72858	0.737604	1	0.728973	0.726882	0.729415	0.745958	0.736975	0.730176	0.727238	0.73248	0.738878	0.73571	0.743521	0.724502	0.731171	0.740601	0.735957	0.728391	0.743186	0.744175	0.721386	0.733937	0.731094	0.727345	0.735082	0.734739	0.739234	0.732988	0.743038	0.733885	0.733378	0.7321	0.732961	0.74235	0.744888	0.739413	0.726484	0.736103	0.724796	0.738221
0.792359	0.737385	0.736379	0.730652	0.732426	0.720439	0.732924	0.741648	0.73215	0.740383	0.738404	0.738106	0.730827	0.729583	0.728973	1	0.745356	0.739318	0.725761	0.745117	0.732265	0.740465	0.741902	0.731539	0.735336	0.733641	0.733087	0.724774	0.732646	0.742636	0.739719	0.756129	0.731323	0.739295	0.748843	0.732664	0.731403	0.743469	0.730732	0.739303	0.740344	0.731629	0.732689	0.730705	0.732206	0.734895	0.73625	0.731725	0.743567	0.726713	0.741827	0.740303	0.731112
0.738072	0.734581	0.741531	0.725523	0.743291	0.70738	0.726578	0.746761	0.737728	0.737447	0.735222	0.731604	0.727428	0.734358	0.726882	0.745356	1	0.726424	0.729919	0.737128	0.733387	0.733196	0.733371	0.732134	0.726936	0.733737	0.731743	0.731363	0.731395	0.726875	0.736766	0.743972	0.735835	0.73451	0.740218	0.731505	0.730622	0.73594	0.734664	0.736133	0.736694	0.7229	0.736191	0.733297	0.740177	0.735805	0.724188	0.73128	0.722771	0.735	0.738801	0.741761	0.733807
0.733028	0.730516	0.729598	0.738502	0.730062	0.711339	0.732674	0.747247	0.737841	0.73994	0.728672	0.735728	0.736026	0.740913	0.729415	0.739318	0.726424	1	0.731106	0.735515	0.724462	0.739065	0.735155	0.730507	0.732809	0.733696	0.733401	0.732967	0.734057	0.733985	0.735407	0.726237	0.730835	0.744317	0.734688	0.726269	0.731589	0.731333	0.731974	0.731814	0.741307	0.725011	0.727026	0.73689	0.728861	0.741109	0.733411	0.726552	0.743982	0.728561	0.740117	0.739657	0.735605
0.733741	0.734003	0.725464	0.741413	0.727382	0.709108	0.725009	0.732376	0.728846	0.73206	0.734073	0.726081	0.735052	0.734214	0.745958	0.725761	0.729919	0.731106	1	0.736382	0.733222	0.728288	0.724904	0.737904	0.734608	0.731138	0.73784	0.729966	0.740986	0.733266	0.721122	0.732942	0.728145	0.72697	0.735302	0.735124	0.726758	0.717606	0.739076	0.734587	0.73216	0.731828	0.735579	0.734971	0.731471	0.731612	0.734112	0.73531	0.724085	0.729376	0.732402	0.730417	0.733083
0.74118	0.738132	0.7267	0.730508	0.734243	0.71438	0.737494	0.736606	0.738367	0.736015	0.737586	0.74008	0.738216	0.731862	0.736975	0.745117	0.737128	0.735515	0.736382	1	0.725268	0.735787	0.738212	0.726769	0.74122	0.731624	0.740229	0.733118	0.733167	0.736639	0.741062	0.744945	0.731014	0.741564	0.734291	0.731373	0.740833	0.733033	0.741249	0.745459	0.73816	0.738938	0.736482	0.730752	0.733289	0.74489	0.740733	0.740125	0.743149	0.729669	0.739161	0.733018	0.723777
0.737964	0.735803	0.730458	0.735476	0.729473	0.71723	0.731765	0.731769	0.724145	0.721662	0.727945	0.728241	0.72659	0.736169	0.730176	0.732265	0.733387	0.724462	0.733222	0.725268	1	0.725513	0.734514	0.733301	0.733542	0.738291	0.732342	0.741767	0.735916	0.727475	0.729202	0.730082	0.742332	0.732856	0.733653	0.734109	0.728145	0.736712	0.732698	0.730812	0.73188	0.734314	0.746103	0.734496	0.737681	0.736095	0.735185	0.739857	0.725486	0.733138	0.728898	0.737839	0.729589
0.735106	0.734074	0.735574	0.727521	0.732772	0.721955	0.734157	0.730557	0.737494	0.748186	0.727075	0.73394	0.734201	0.728032	0.727238	0.740465	0.733196	0.739065	0.728288	0.735787	0.725513	1	0.733628	0.728288	0.733153	0.7357	0.726681	0.732023	0.730469	0.740018	0.733615	0.738795	0.725711	0.734142	0.739781	0.740795	0.727274	0.738438	0.727421	0.736668	0.734459	0.736609	0.735477	0.726653	0.73564	0.737971	0.735475	0.736127	0.733388	0.733736	0.734652	0.732074	0.731546
0.73266	0.729268	0.725078	0.727733	0.737159	0.71753	0.729867	0.735632	0.73284	0.730332	0.736787	0.737698	0.730445	0.734876	0.73248	0.741902	0.733371	0.735155	0.724904	0.738212	0.734514	0.733628	1	0.737077	0.726901	0.736802	0.726875	0.734798	0.733687	0.729387	0.731484	0.732255	0.73732	0.738411	0.731099	0.728116	0.74116	0.732943	0.731849	0.734876	0.731369	0.744065	0.739363	0.726126	0.725794	0.740715	0.736569	0.731566	0.731836	0.720558	0.745197	0.727925	0.736604
0.725063	0.739875	0.728036	0.737156	0.738902	0.713785	0.728627	0.729603	0.731208	0.735969	0.735326	0.742629	0.732659	0.729947	0.738878	0.731539	0.732134	0.730507	0.737904	0.726769	0.733301	0.728288	0.737077	1	0.726608	0.724635	0.736706	0.725512	0.735905	0.731258	0.719284	0.722336	0.731076	0.734859	0.716917	0.73317	0.73027	0.728289	0.732117	0.725447	0.723409	0.729205	0.733139	0.726794	0.730951	0.7276	0.732493	0.733462	0.740887	0.723641	0.735981	0.731643	0.726938
0.735328	0.742822	0.728528	0.738556	0.740977	0.715862	0.750814	0.73079	0.729752	0.739228	0.7318	0.743311	0.727582	0.732368	0.73571	0.735336	0.726936	0.732809	0.734608	0.74122	0.733542	0.733153	0.726901	0.726608	1	0.737155	0.735219	0.727797	0.734162	0.739095	0.740769	0.734196	0.73013	0.730038	0.733316	0.736057	0.729869	0.729987	0.735756	0.737329	0.732279	0.735216	0.73157	0.728344	0.726246	0.727908	0.737847	0.732805	0.743966	0.725435	0.729625	0.73207	0.734
0.732961	0.737294	0.738723	0.737181	0.744713	0.723227	0.744308	0.740631	0.742321	0.734404	0.738996	0.728366	0.731398	0.738604	0.743521	0.733641	0.733737	0.733696	0.731138	0.731624	0.738291	0.7357	0.736802	0.724635	0.737155	1	0.733346	0.737672	0.728856	0.730441	0.744483	0.736573	0.735501	0.730579	0.740047	0.730413	0.731508	0.732336	0.733611	0.748868	0.739621	0.734309	0.740797	0.73313	0.72636	0.733267	0.739598	0.730299	0.735833	0.726031	0.744246	0.73589	0.731955
0.736768	0.737768	0.73048	0.740056	0.732521	0.709479	0.735857	0.732695	0.722893	0.752777	0.734877	0.73282	0.738144	0.742417	0.724502	0.733087	0.731743	0.733401	0.73784	0.740229	0.732342	0.726681	0.726875	0.736706	0.735219	0.733346	1	0.734281	0.734387	0.729618	0.740761	0.74438	0.725174	0.737432	0.736407	0.73087	0.743454	0.734505	0.73773	0.734893	0.7419	0.741749	0.738829	0.743989	0.733188	0.735788	0.725947	0.732379	0.737454	0.728047	0.737199	0.742073	0.74022
0.731811	0.735808	0.736906	0.729201	0.735508	0.71978	0.740888	0.728491	0.732585	0.730079	0.7403	0.739414	0.727484	0.738321	0.731171	0.724774	0.731363	0.732967	0.729966	0.733118	0.741767	0.732023	0.734798	0.725512	0.727797	0.737672	0.734281	1	0.735184	0.734085	0.740702	0.739945	0.733296	0.729967	0.733227	0.72878	0.728183	0.732348	0.737389	0.744577	0.729642	0.723111	0.732692	0.722849	0.734835	0.738229	0.73375	0.732187	0.730525	0.732515	0.728351	0.738794	0.734129
0.734356	0.744348	0.737913	0.739815	0.732519	0.712556	0.737274	0.72824	0.731673	0.736031	0.733829	0.740603	0.736745	0.737206	0.740601	0.732646	0.731395	0.734057	0.740986	0.733167	0.735916	0.730469	0.733687	0.735905	0.734162	0.728856	0.734387	0.735184	1	0.725523	0.730414	0.730921	0.733357	0.738204	0.732964	0.730004	0.728513	0.7348	0.727484	0.728312	0.72867	0.74025	0.728705	0.737883	0.741143	0.73151	0.731263	0.737694	0.735108	0.730946	0.730276	0.740439	0.737253
0.737034	0.730838	0.739133	0.743531	0.737546	0.712757	0.73218	0.731177	0.732171	0.737332	0.722931	0.732031	0.732556	0.734357	0.735957	0.742636	0.726875	0.733985	0.733266	0.736639	0.727475	0.740018	0.729387	0.731258	0.739095	0.730441	0.729618	0.734085	0.725523	1	0.731689	0.735096	0.722183	0.719378	0.734363	0.738037	0.734204	0.736877	0.737351	0.74201	0.738181	0.735368	0.731769	0.733147	0.733838	0.718911	0.73253	0.725751	0.72784	0.736885	0.729028	0.729013	0.727667
0.731252	0.739259	0.742276	0.72719	0.736848	0.719179	0.737764	0.735664	0.736838	0.742778	0.733427	0.737698	0.730694	0.733854	0.728391	0.739719	0.736766	0.735407	0.721122	0.741062	0.729202	0.733615	0.731484	0.719284	0.740769	0.744483	0.740761	0.740702	0.730414	0.731689	1	0.738442	0.734655	0.738687	0.731188	0.733901	0.734737	0.735699	0.736208	0.743429	0.744091	0.739569	0.741383	0.736017	0.728203	0.735651	0.725871	0.729273	0.72948	0.733866	0.737613	0.745903	0.735582
0.74905	0.740146	0.741319	0.741636	0.744264	0.716836	0.73532	0.737385	0.728937	0.744217	0.737119	0.729003	0.721249	0.732353	0.743186	0.756129	0.743972	0.726237	0.732942	0.744945	0.730082	0.738795	0.732255	0.722336	0.734196	0.736573	0.74438	0.739945	0.730921	0.735096	0.738442	1	0.737466	0.734111	0.741866	0.734664	0.73859	0.730272	0.719862	0.747108	0.741756	0.733951	0.727589	0.733915	0.733208	0.737811	0.736444	0.72529	0.737952	0.732338	0.741751	0.72803	0.723675
0.731439	0.734211	0.731092	0.736988	0.729785	0.720705	0.740873	0.728637	0.741109	0.733509	0.736569	0.725548	0.732113	0.728975	0.744175	0.731323	0.735835	0.730835	0.728145	0.731014	0.742332	0.725711	0.73732	0.731076	0.73013	0.735501	0.725174	0.733296	0.733357	0.722183	0.734655	0.737466	1	0.734495	0.736643	0.73806	0.730261	0.723621	0.722006	0.735691	0.735941	0.740558	0.72834	0.73231	0.737594	0.73951	0.736375	0.729888	0.738705	0.728666	0.74118	0.737427	0.728523
0.734175	0.734791	0.735778	0.727067	0.722555	0.710006	0.732073	0.730384	0.734537	0.736064	0.737448	0.73719	0.742145	0.735362	0.721386	0.739295	0.73451	0.744317	0.72697	0.741564	0.732856	0.734142	0.738411	0.734859	0.730038	0.730579	0.737432	0.729967	0.738204	0.719378	0.738687	0.734111	0.734495	1	0.747728	0.732542	0.73303	0.748678	0.735228	0.730429	0.739833	0.733988	0.726782	0.732466	0.734131	0.739744	0.741413	0.72546	0.738235	0.728479	0.733457	0.732334	0.728451
0.745841	0.732677	0.732553	0.736759	0.726602	0.712093	0.729596	0.747024	0.739303	0.732387	0.731765	0.729124	0.739092	0.72703	0.733937	0.748843	0.740218	0.734688	0.735302	0.734291	0.733653	0.739781	0.731099	0.716917	0.733316	0.740047	0.736407	0.733227	0.732964	0.734363	0.731188	0.741866	0.736643	0.747728	1	0.73624	0.729724	0.737123	0.727974	0.740873	0.745835	0.735351	0.718277	0.739427	0.738785	0.742325	0.736277	0.72563	0.734524	0.740506	0.737888	0.738051	0.731965
0.732392	0.739169	0.732099	0.732011	0.727057	0.718637	0.734708	0.735304	0.733031	0.734943	0.727059	0.72933	0.738118	0.73485	0.731094	0.732664	0.731505	0.726269	0.735124	0.731373	0.734109	0.740795	0.728116	0.73317	0.736057	0.730413	0.73087	0.72878	0.730004	0.738037	0.733901	0.734664	0.73806	0.732542	0.73624	1	0.730449	0.734085	0.728919	0.73028	0.734004	0.73701	0.729661	0.72875	0.735351	0.734337	0.732662	0.739069	0.731405	0.734913	0.733307	0.739179	0.727797
0.73641	0.736829	0.728952	0.733667	0.746793	0.717701	0.73011	0.738193	0.72739	0.740816	0.732182	0.738574	0.742341	0.733468	0.727345	0.731403	0.730622	0.731589	0.726758	0.740833	0.728145	0.727274	0.74116	0.73027	0.729869	0.731508	0.743454	0.728183	0.728513	0.734204	0.734737	0.73859	0.730261	0.73303	0.729724	0.730449	1	0.734266	0.731011	0.73839	0.744568	0.735024	0.735021	0.744071	0.729001	0.737076	0.73882	0.733703	0.730556	0.733542	0.740362	0.734557	0.715401
0.736999	0.732796	0.748184	0.726274	0.730179	0.716931	0.738096	0.727599	0.737165	0.738512	0.735996	0.737168	0.729485	0.723925	0.735082	0.743469	0.73594	0.731333	0.717606	0.733033	0.736712	0.738438	0.732943	0.728289	0.729987	0.732336	0.734505	0.732348	0.7348	0.736877	0.735699	0.730272	0.723621	0.748678	0.737123	0.734085	0.734266	1	0.736136	0.736845	0.73984	0.735708	0.733162	0.732359	0.736249	0.73518	0.730255	0.734511	0.732152	0.735849	0.733541	0.730287	0.719707
0.728424	0.737139	0.740527	0.730875	0.728875	0.705078	0.739008	0.740195	0.731837	0.724003	0.726147	0.730663	0.732384	0.732392	0.734739	0.730732	0.734664	0.731974	0.739076	0.741249	0.732698	0.727421	0.731849	0.732117	0.735756	0.733611	0.73773	0.737389	0.727484	0.737351	0.736208	0.719862	0.722006	0.735228	0.727974	0.728919	0.731011	0.736136	1	0.739704	0.732379	0.730612	0.730065	0.727817	0.734348	0.732905	0.732392	0.72815	0.72839	0.726928	0.734518	0.72921	0.725878
0.740383	0.743527	0.734307	0.731481	0.739731	0.718653	0.732898	0.745093	0.739988	0.736762	0.73743	0.731293	0.73133	0.731322	0.739234	0.739303	0.736133	0.731814	0.734587	0.745459	0.730812	0.736668	0.734876	0.725447	0.737329	0.748868	0.734893	0.744577	0.728312	0.74201	0.743429	0.747108	0.735691	0.730429	0.740873	0.73028	0.73839	0.736845	0.739704	1	0.74198	0.733229	0.730224	0.738701	0.736164	0.737408	0.736789	0.728033	0.728978	0.7329	0.737906	0.741486	0.721366
0.73462	0.727802	0.739406	0.746543	0.727325	0.717086	0.731585	0.732714	0.731277	0.74332	0.734095	0.733185	0.735218	0.734424	0.732988	0.740344	0.736694	0.741307	0.73216	0.73816	0.73188	0.734459	0.731369	0.723409	0.732279	0.739621	0.7419	0.729642	0.72867	0.738181	0.744091	0.741756	0.735941	0.739833	0.745835	0.734004	0.744568	0.73984	0.732379	0.74198	1	0.729505	0.731866	0.743424	0.732593	0.738952	0.732452	0.731269	0.735673	0.741691	0.732238	0.729079	0.727058
0.736283	0.741351	0.735438	0.724347	0.726228	0.722659	0.740105	0.72668	0.726512	0.73715	0.726946	0.735962	0.73662	0.72264	0.743038	0.731629	0.7229	0.725011	0.731828	0.738938	0.734314	0.736609	0.744065	0.729205	0.735216	0.734309	0.741749	0.723111	0.74025	0.735368	0.739569	0.733951	0.740558	0.733988	0.735351	0.73701	0.735024	0.735708	0.730612	0.733229	0.729505	1	0.73073	0.74185	0.730288	0.728835	0.732965	0.736721	0.736228	0.732628	0.731602	0.739924	0.745466
0.731697	0.739917	0.729793	0.731196	0.739162	0.72674	0.73451	0.721779	0.730913	0.733402	0.741883	0.738702	0.737085	0.730829	0.733885	0.732689	0.736191	0.727026	0.735579	0.736482	0.746103	0.735477	0.739363	0.733139	0.73157	0.740797	0.738829	0.732692	0.728705	0.731769	0.741383	0.727589	0.72834	0.726782	0.718277	0.729661	0.735021	0.733162	0.730065	0.730224	0.731866	0.73073	1	0.723978	0.730786	0.734486	0.725147	0.751796	0.73799	0.723861	0.735957	0.734151	0.724572
0.739984	0.738034	0.732194	0.736059	0.743695	0.713761	0.738516	0.734684	0.733704	0.738903	0.722393	0.724613	0.739898	0.735457	0.733378	0.730705	0.733297	0.73689	0.734971	0.730752	0.734496	0.726653	0.726126	0.726794	0.728344	0.73313	0.743989	0.722849	0.737883	0.733147	0.736017	0.733915	0.73231	0.732466	0.739427	0.72875	0.744071	0.732359	0.727817	0.738701	0.743424	0.74185	0.723978	1	0.72868	0.736182	0.737743	0.735616	0.737842	0.732341	0.727488	0.73525	0.73319
0.728993	0.728413	0.735232	0.739145	0.737471	0.704422	0.733866	0.731508	0.737163	0.728353	0.72339	0.729284	0.730189	0.733555	0.7321	0.732206	0.740177	0.728861	0.731471	0.733289	0.737681	0.73564	0.725794	0.730951	0.726246	0.72636	0.733188	0.734835	0.741143	0.733838	0.728203	0.733208	0.737594	0.734131	0.738785	0.735351	0.729001	0.736249	0.734348	0.736164	0.732593	0.730288	0.730786	0.72868	1	0.734323	0.729855	0.73028	0.739146	0.743038	0.729681	0.739322	0.736851
0.733182	0.74178	0.731495	0.728453	0.742362	0.709963	0.741152	0.740173	0.743195	0.732451	0.734405	0.732475	0.733786	0.735415	0.732961	0.734895	0.735805	0.741109	0.731612	0.74489	0.736095	0.737971	0.740715	0.7276	0.727908	0.733267	0.735788	0.738229	0.73151	0.718911	0.735651	0.737811	0.73951	0.739744	0.742325	0.734337	0.737076	0.73518	0.732905	0.737408	0.738952	0.728835	0.734486	0.736182	0.734323	1	0.739018	0.740377	0.741636	0.727068	0.750698	0.740018	0.735132
0.731739	0.73379	0.728884	0.732932	0.731437	0.719321	0.731295	0.740951	0.727356	0.727314	0.730176	0.747294	0.723353	0.73262	0.74235	0.73625	0.724188	0.733411	0.734112	0.740733	0.735185	0.735475	0.736569	0.732493	0.737847	0.739598	0.725947	0.73375	0.731263	0.73253	0.725871	0.736444	0.736375	0.741413	0.736277	0.732662	0.73882	0.730255	0.732392	0.736789	0.732452	0.732965	0.725147	0.737743	0.729855	0.739018	1	0.739549	0.747036	0.734732	0.735847	0.731383	0.728374
0.735108	0.735343	0.726436	0.73962	0.731482	0.713956	0.740768	0.731355	0.737891	0.738002	0.737157	0.731093	0.734684	0.740355	0.744888	0.731725	0.73128	0.726552	0.73531	0.740125	0.739857	0.736127	0.731566	0.733462	0.732805	0.730299	0.732379	0.732187	0.737694	0.725751	0.729273	0.72529	0.729888	0.72546	0.72563	0.739069	0.733703	0.734511	0.72815	0.728033	0.731269	0.736721	0.751796	0.735616	0.73028	0.740377	0.739549	1	0.732308	0.735265	0.737323	0.73102	0.730826
0.733263	0.742625	0.727617	0.737506	0.730198	0.712461	0.742051	0.731956	0.730141	0.737989	0.732989	0.740848	0.735329	0.730086	0.739413	0.743567	0.722771	0.743982	0.724085	0.743149	0.725486	0.733388	0.731836	0.740887	0.743966	0.735833	0.737454	0.730525	0.735108	0.72784	0.72948	0.737952	0.738705	0.738235	0.734524	0.731405	0.730556	0.732152	0.72839	0.728978	0.735673	0.736228	0.73799	0.737842	0.739146	0.741636	0.747036	0.732308	1	0.731957	0.7482	0.736545	0.730701
0.726718	0.730491	0.737849	0.724742	0.729878	0.714079	0.730169	0.733624	0.726181	0.721915	0.723054	0.728917	0.731281	0.728394	0.726484	0.726713	0.735	0.728561	0.729376	0.729669	0.733138	0.733736	0.720558	0.723641	0.725435	0.726031	0.728047	0.732515	0.730946	0.736885	0.733866	0.732338	0.728666	0.728479	0.740506	0.734913	0.733542	0.735849	0.726928	0.7329	0.741691	0.732628	0.723861	0.732341	0.743038	0.727068	0.734732	0.735265	0.731957	1	0.727152	0.728891	0.725959
0.735501	0.734629	0.733512	0.734817	0.744767	0.720749	0.740315	0.734954	0.738716	0.732077	0.732905	0.7316	0.736644	0.733447	0.736103	0.741827	0.738801	0.740117	0.732402	0.739161	0.728898	0.734652	0.745197	0.735981	0.729625	0.744246	0.737199	0.728351	0.730276	0.729028	0.737613	0.741751	0.74118	0.733457	0.737888	0.733307	0.740362	0.733541	0.734518	0.737906	0.732238	0.731602	0.735957	0.727488	0.729681	0.750698	0.735847	0.737323	0.7482	0.727152	1	0.744293	0.731134
0.741967	0.74251	0.737637	0.733365	0.737909	0.718472	0.733953	0.736707	0.737623	0.734453	0.738292	0.732417	0.740427	0.725871	0.724796	0.740303	0.741761	0.739657	0.730417	0.733018	0.737839	0.732074	0.727925	0.731643	0.73207	0.73589	0.742073	0.738794	0.740439	0.729013	0.745903	0.72803	0.737427	0.732334	0.738051	0.739179	0.734557	0.730287	0.72921	0.741486	0.729079	0.739924	0.734151	0.73525	0.739322	0.740018	0.731383	0.73102	0.736545	0.728891	0.744293	1	0.73617
0.731769	0.734868	0.729023	0.72393	0.727412	0.704381	0.735477	0.731292	0.731137	0.728586	0.727072	0.736025	0.727521	0.738199	0.738221	0.731112	0.733807	0.735605	0.733083	0.723777	0.729589	0.731546	0.736604	0.726938	0.734	0.731955	0.74022	0.734129	0.737253	0.727667	0.735582	0.723675	0.728523	0.728451	0.731965	0.727797	0.715401	0.719707	0.725878	0.721366	0.727058	0.745466	0.724572	0.73319	0.736851	0.735132	0.728374	0.730826	0.730701	0.725959	0.731134	0.73617	1
