1	0.737048	0.744376	0.716315	0.712294	0.718328	0.743365	0.715716	0.714487	0.714153
0.737048	1	0.748667	0.719466	0.721996	0.719232	0.751947	0.724802	0.723668	0.721172
0.744376	0.748667	1	0.723642	0.721316	0.723123	0.744886	0.726953	0.724217	0.726642
0.716315	0.719466	0.723642	1	0.770061	0.776004	0.716203	0.775304	0.769248	0.763676
0.712294	0.721996	0.721316	0.770061	1	0.771972	0.720321	0.774353	0.777793	0.773013
0.718328	0.719232	0.723123	0.776004	0.771972	1	0.717867	0.781056	0.770158	0.765646
0.743365	0.751947	0.744886	0.716203	0.720321	0.717867	1	0.722827	0.720631	0.72098
0.715716	0.724802	0.726953	0.775304	0.774353	0.781056	0.722827	1	0.782441	0.771531
0.714487	0.723668	0.724217	0.769248	0.777793	0.770158	0.720631	0.782441	1	0.769471
0.714153	0.721172	0.726642	0.763676	0.773013	0.765646	0.72098	0.771531	0.769471	1
