1	0.721241	0.732603	0.723612	0.729774	0.730633	0.722253	0.730917	0.738816	0.731055	0.732409	0.739344	0.730746	0.724836	0.736116	0.730743	0.746681	0.720226	0.735855	0.7313	0.724521	0.729314	0.730353	0.737197	0.733088	0.737474	0.727722	0.726969	0.730497	0.726955	0.7351	0.73821	0.734527	0.725903	0.718924	0.73248	0.731855	0.733089	0.731397	0.739036	0.730893	0.738435	0.735286	0.727319	0.732771	0.7349	0.737263
0.721241	1	0.729247	0.714115	0.72483	0.72522	0.723217	0.722405	0.718406	0.722111	0.719473	0.719285	0.733721	0.723105	0.733548	0.727593	0.728185	0.719271	0.726549	0.720813	0.73043	0.717482	0.731455	0.730939	0.727217	0.733763	0.725437	0.72813	0.718281	0.731062	0.720201	0.732048	0.724204	0.733438	0.727576	0.722462	0.72774	0.734891	0.72075	0.72578	0.735802	0.723622	0.731997	0.727453	0.718553	0.730833	0.725941
0.732603	0.729247	1	0.722067	0.731178	0.731695	0.726686	0.73212	0.735031	0.733127	0.736982	0.72821	0.731839	0.732842	0.727194	0.735494	0.732289	0.723425	0.724316	0.73055	0.725737	0.729696	0.729765	0.729105	0.736115	0.72229	0.724406	0.733052	0.724976	0.729378	0.731526	0.736562	0.739093	0.726842	0.72924	0.739545	0.723934	0.730547	0.729852	0.731377	0.737457	0.729156	0.733944	0.739586	0.720616	0.733251	0.731902
0.723612	0.714115	0.722067	1	0.723423	0.717469	0.719078	0.722552	0.723864	0.722176	0.728531	0.722173	0.725256	0.72434	0.724157	0.729139	0.719919	0.722081	0.722008	0.725129	0.720443	0.719022	0.728819	0.728335	0.713227	0.727764	0.720607	0.729075	0.715183	0.714501	0.727134	0.719952	0.726606	0.723834	0.729885	0.724307	0.729214	0.723332	0.721746	0.724256	0.723947	0.71904	0.726392	0.723294	0.716498	0.718786	0.720472
0.729774	0.72483	0.731178	0.723423	1	0.728059	0.726034	0.728992	0.738887	0.724692	0.731868	0.723037	0.73509	0.726848	0.725898	0.727639	0.734086	0.727119	0.731372	0.734654	0.734568	0.729531	0.733684	0.729526	0.736838	0.720787	0.733148	0.733358	0.723079	0.738348	0.735353	0.733687	0.732901	0.737391	0.724562	0.732806	0.722826	0.73171	0.726157	0.732763	0.736013	0.733562	0.726902	0.735703	0.721502	0.727221	0.730846
0.730633	0.72522	0.731695	0.717469	0.728059	1	0.717819	0.727814	0.729595	0.728539	0.73474	0.729049	0.742972	0.737022	0.728385	0.727943	0.730397	0.725205	0.721487	0.735635	0.732327	0.734042	0.737775	0.733183	0.732775	0.738388	0.733315	0.739169	0.718527	0.7305	0.739138	0.732737	0.724989	0.736948	0.727206	0.724417	0.730509	0.736927	0.727107	0.731902	0.725779	0.741442	0.744011	0.727752	0.718789	0.733264	0.728431
0.722253	0.723217	0.726686	0.719078	0.726034	0.717819	1	0.718733	0.721279	0.724684	0.725353	0.717221	0.724703	0.725017	0.719243	0.723788	0.729033	0.71365	0.722524	0.724724	0.72085	0.725918	0.724019	0.723666	0.730217	0.718789	0.728837	0.722386	0.716933	0.723436	0.718651	0.732009	0.725713	0.720079	0.718771	0.723321	0.718601	0.724569	0.719388	0.723505	0.725914	0.727849	0.721095	0.723741	0.712741	0.721974	0.721742
0.730917	0.722405	0.73212	0.722552	0.728992	0.727814	0.718733	1	0.735246	0.732505	0.735028	0.727917	0.730647	0.728848	0.735473	0.72647	0.728576	0.728264	0.727503	0.725712	0.727222	0.717747	0.730525	0.739847	0.727824	0.731554	0.733174	0.730603	0.721178	0.730203	0.735289	0.729595	0.732411	0.723344	0.714757	0.72914	0.725934	0.728837	0.727016	0.729445	0.731917	0.737149	0.73686	0.729642	0.71608	0.734081	0.72927
0.738816	0.718406	0.735031	0.723864	0.738887	0.729595	0.721279	0.735246	1	0.726332	0.731058	0.731105	0.730875	0.732591	0.725219	0.730546	0.737047	0.726003	0.731358	0.729728	0.732574	0.724166	0.732164	0.735361	0.730516	0.722472	0.735221	0.736379	0.719643	0.73063	0.733944	0.731794	0.732463	0.726908	0.719148	0.734869	0.730715	0.73168	0.730423	0.736048	0.733392	0.743173	0.73403	0.733761	0.726477	0.725856	0.730493
0.731055	0.722111	0.733127	0.722176	0.724692	0.728539	0.724684	0.732505	0.726332	1	0.731268	0.728422	0.728288	0.728849	0.733188	0.732419	0.728693	0.726258	0.726194	0.732058	0.734116	0.734265	0.742348	0.736471	0.732893	0.722687	0.722583	0.724807	0.718013	0.730877	0.729133	0.733107	0.738009	0.728193	0.723232	0.740688	0.729367	0.732502	0.731915	0.742125	0.730099	0.731356	0.727765	0.728253	0.717861	0.733862	0.732537
0.732409	0.719473	0.736982	0.728531	0.731868	0.73474	0.725353	0.735028	0.731058	0.731268	1	0.737823	0.739032	0.730739	0.732139	0.731696	0.733402	0.728207	0.72885	0.724875	0.729269	0.728247	0.738327	0.738975	0.733145	0.729193	0.738281	0.734081	0.71875	0.736757	0.734009	0.733007	0.731717	0.727622	0.720711	0.736485	0.730271	0.728447	0.731995	0.733848	0.738575	0.739084	0.738298	0.744873	0.727436	0.728886	0.726596
0.739344	0.719285	0.72821	0.722173	0.723037	0.729049	0.717221	0.727917	0.731105	0.728422	0.737823	1	0.729088	0.724907	0.722634	0.726886	0.733365	0.722329	0.735496	0.733262	0.726366	0.729265	0.73564	0.729922	0.730755	0.729489	0.724292	0.72759	0.7228	0.726941	0.728944	0.730506	0.743576	0.722668	0.723392	0.725462	0.728066	0.729542	0.732781	0.731548	0.727971	0.735764	0.733743	0.726584	0.72426	0.730443	0.737478
0.730746	0.733721	0.731839	0.725256	0.73509	0.742972	0.724703	0.730647	0.730875	0.728288	0.739032	0.729088	1	0.73585	0.736772	0.737648	0.740768	0.733418	0.728984	0.733351	0.730823	0.738075	0.737627	0.737001	0.732164	0.734413	0.731634	0.738638	0.723767	0.730973	0.732469	0.726316	0.732764	0.73079	0.72581	0.731328	0.736507	0.7309	0.729596	0.732103	0.737592	0.736841	0.732085	0.73595	0.723827	0.741182	0.731161
0.724836	0.723105	0.732842	0.72434	0.726848	0.737022	0.725017	0.728848	0.732591	0.728849	0.730739	0.724907	0.73585	1	0.73533	0.737587	0.730437	0.721506	0.734412	0.732141	0.727048	0.732589	0.738554	0.733183	0.731997	0.733009	0.726719	0.737825	0.717192	0.726834	0.73212	0.729839	0.727205	0.730463	0.723946	0.728107	0.736	0.734392	0.726594	0.723326	0.731991	0.735778	0.735997	0.734485	0.713798	0.728138	0.728268
0.736116	0.733548	0.727194	0.724157	0.725898	0.728385	0.719243	0.735473	0.725219	0.733188	0.732139	0.722634	0.736772	0.73533	1	0.724797	0.726249	0.727719	0.733366	0.724023	0.73258	0.729045	0.736273	0.733005	0.733855	0.734668	0.728962	0.732959	0.717894	0.735871	0.731994	0.734028	0.727848	0.730281	0.729571	0.73075	0.731274	0.73332	0.730888	0.731331	0.737143	0.736623	0.742119	0.729467	0.722173	0.735134	0.729088
0.730743	0.727593	0.735494	0.729139	0.727639	0.727943	0.723788	0.72647	0.730546	0.732419	0.731696	0.726886	0.737648	0.737587	0.724797	1	0.731885	0.727975	0.730222	0.735352	0.728915	0.732314	0.737733	0.733516	0.734607	0.733271	0.72851	0.728067	0.725285	0.72236	0.728775	0.732277	0.728911	0.727293	0.720467	0.734968	0.729368	0.729239	0.727372	0.732881	0.741306	0.730363	0.73786	0.736924	0.724732	0.732231	0.720991
0.746681	0.728185	0.732289	0.719919	0.734086	0.730397	0.729033	0.728576	0.737047	0.728693	0.733402	0.733365	0.740768	0.730437	0.726249	0.731885	1	0.732321	0.739098	0.72732	0.731268	0.737849	0.737936	0.7334	0.727685	0.726887	0.737711	0.736265	0.729196	0.740859	0.733605	0.735975	0.733745	0.729637	0.721382	0.736739	0.725151	0.735945	0.726412	0.742732	0.731004	0.732457	0.7279	0.732685	0.727821	0.732599	0.729943
0.720226	0.719271	0.723425	0.722081	0.727119	0.725205	0.71365	0.728264	0.726003	0.726258	0.728207	0.722329	0.733418	0.721506	0.727719	0.727975	0.732321	1	0.722343	0.722147	0.736975	0.723534	0.726553	0.724476	0.725704	0.716392	0.724308	0.721447	0.722289	0.72143	0.726906	0.720263	0.729166	0.727131	0.720558	0.730615	0.728748	0.724441	0.726012	0.728349	0.733751	0.725761	0.724851	0.72947	0.718893	0.725374	0.723314
0.735855	0.726549	0.724316	0.722008	0.731372	0.721487	0.722524	0.727503	0.731358	0.726194	0.72885	0.735496	0.728984	0.734412	0.733366	0.730222	0.739098	0.722343	1	0.729724	0.728168	0.72836	0.727583	0.734327	0.725614	0.737654	0.726658	0.728382	0.723869	0.727314	0.729881	0.729164	0.737042	0.734672	0.718289	0.733355	0.740473	0.732669	0.726024	0.731138	0.735197	0.737938	0.733639	0.725843	0.723863	0.739326	0.728432
0.7313	0.720813	0.73055	0.725129	0.734654	0.735635	0.724724	0.725712	0.729728	0.732058	0.724875	0.733262	0.733351	0.732141	0.724023	0.735352	0.72732	0.722147	0.729724	1	0.72998	0.727293	0.730343	0.728279	0.730442	0.732432	0.729037	0.726357	0.723615	0.723629	0.728609	0.729128	0.732227	0.734564	0.726649	0.731303	0.729879	0.727261	0.729205	0.728897	0.733294	0.734812	0.72965	0.725844	0.709864	0.728542	0.738392
0.724521	0.73043	0.725737	0.720443	0.734568	0.732327	0.72085	0.727222	0.732574	0.734116	0.729269	0.726366	0.730823	0.727048	0.73258	0.728915	0.731268	0.736975	0.728168	0.72998	1	0.72994	0.740743	0.734889	0.734339	0.72646	0.733257	0.734313	0.715139	0.73227	0.72437	0.732414	0.733696	0.727799	0.734889	0.734443	0.726797	0.736163	0.726492	0.729054	0.733422	0.737172	0.72993	0.727892	0.718798	0.735502	0.737195
0.729314	0.717482	0.729696	0.719022	0.729531	0.734042	0.725918	0.717747	0.724166	0.734265	0.728247	0.729265	0.738075	0.732589	0.729045	0.732314	0.737849	0.723534	0.72836	0.727293	0.72994	1	0.731772	0.727819	0.728834	0.72645	0.722198	0.721481	0.713025	0.727482	0.723537	0.732694	0.732261	0.722915	0.733718	0.728858	0.725117	0.728807	0.734277	0.732368	0.729639	0.727058	0.724472	0.726025	0.718985	0.729457	0.725249
0.730353	0.731455	0.729765	0.728819	0.733684	0.737775	0.724019	0.730525	0.732164	0.742348	0.738327	0.73564	0.737627	0.738554	0.736273	0.737733	0.737936	0.726553	0.727583	0.730343	0.740743	0.731772	1	0.737323	0.736601	0.737749	0.743379	0.737119	0.72451	0.736541	0.739686	0.732161	0.728793	0.743858	0.733669	0.736959	0.737938	0.740159	0.726403	0.734687	0.740234	0.733927	0.733883	0.735901	0.729756	0.740742	0.735124
0.737197	0.730939	0.729105	0.728335	0.729526	0.733183	0.723666	0.739847	0.735361	0.736471	0.738975	0.729922	0.737001	0.733183	0.733005	0.733516	0.7334	0.724476	0.734327	0.728279	0.734889	0.727819	0.737323	1	0.730387	0.732824	0.732504	0.73326	0.72377	0.730047	0.733951	0.742834	0.73452	0.733886	0.732348	0.733274	0.730873	0.733903	0.731488	0.734991	0.734769	0.732937	0.73723	0.736729	0.729516	0.733127	0.734687
0.733088	0.727217	0.736115	0.713227	0.736838	0.732775	0.730217	0.727824	0.730516	0.732893	0.733145	0.730755	0.732164	0.731997	0.733855	0.734607	0.727685	0.725704	0.725614	0.730442	0.734339	0.728834	0.736601	0.730387	1	0.727097	0.730574	0.724025	0.723132	0.734924	0.731059	0.73152	0.733864	0.728688	0.721751	0.731178	0.731701	0.736873	0.727399	0.7349	0.740454	0.739957	0.737589	0.738993	0.723665	0.738774	0.73081
0.737474	0.733763	0.72229	0.727764	0.720787	0.738388	0.718789	0.731554	0.722472	0.722687	0.729193	0.729489	0.734413	0.733009	0.734668	0.733271	0.726887	0.716392	0.737654	0.732432	0.72646	0.72645	0.737749	0.732824	0.727097	1	0.733134	0.736168	0.717993	0.726275	0.729863	0.724305	0.727388	0.735372	0.723868	0.723329	0.73224	0.742692	0.734492	0.728874	0.727798	0.73023	0.735477	0.729352	0.71601	0.737394	0.723687
0.727722	0.725437	0.724406	0.720607	0.733148	0.733315	0.728837	0.733174	0.735221	0.722583	0.738281	0.724292	0.731634	0.726719	0.728962	0.72851	0.737711	0.724308	0.726658	0.729037	0.733257	0.722198	0.743379	0.732504	0.730574	0.733134	1	0.736411	0.725938	0.733006	0.734107	0.733352	0.731175	0.735856	0.721304	0.726192	0.729557	0.730413	0.725274	0.732555	0.736748	0.738498	0.735664	0.73237	0.721394	0.727618	0.733991
0.726969	0.72813	0.733052	0.729075	0.733358	0.739169	0.722386	0.730603	0.736379	0.724807	0.734081	0.72759	0.738638	0.737825	0.732959	0.728067	0.736265	0.721447	0.728382	0.726357	0.734313	0.721481	0.737119	0.73326	0.724025	0.736168	0.736411	1	0.727335	0.72994	0.733737	0.725993	0.735661	0.72668	0.721787	0.735681	0.731052	0.734989	0.729051	0.72867	0.733571	0.734322	0.732588	0.734154	0.721675	0.728675	0.736718
0.730497	0.718281	0.724976	0.715183	0.723079	0.718527	0.716933	0.721178	0.719643	0.718013	0.71875	0.7228	0.723767	0.717192	0.717894	0.725285	0.729196	0.722289	0.723869	0.723615	0.715139	0.713025	0.72451	0.72377	0.723132	0.717993	0.725938	0.727335	1	0.723173	0.724821	0.714394	0.722029	0.717561	0.710307	0.71849	0.718282	0.726756	0.721724	0.73163	0.726761	0.71861	0.716157	0.724673	0.756559	0.724265	0.723424
0.726955	0.731062	0.729378	0.714501	0.738348	0.7305	0.723436	0.730203	0.73063	0.730877	0.736757	0.726941	0.730973	0.726834	0.735871	0.72236	0.740859	0.72143	0.727314	0.723629	0.73227	0.727482	0.736541	0.730047	0.734924	0.726275	0.733006	0.72994	0.723173	1	0.733941	0.73398	0.733192	0.736077	0.71667	0.725723	0.730748	0.73405	0.723849	0.738484	0.732255	0.729179	0.72999	0.738358	0.722066	0.740003	0.730939
0.7351	0.720201	0.731526	0.727134	0.735353	0.739138	0.718651	0.735289	0.733944	0.729133	0.734009	0.728944	0.732469	0.73212	0.731994	0.728775	0.733605	0.726906	0.729881	0.728609	0.72437	0.723537	0.739686	0.733951	0.731059	0.729863	0.734107	0.733737	0.724821	0.733941	1	0.728137	0.73323	0.734853	0.722572	0.726222	0.732677	0.730678	0.737641	0.735172	0.734214	0.730244	0.733197	0.729849	0.724979	0.730915	0.730604
0.73821	0.732048	0.736562	0.719952	0.733687	0.732737	0.732009	0.729595	0.731794	0.733107	0.733007	0.730506	0.726316	0.729839	0.734028	0.732277	0.735975	0.720263	0.729164	0.729128	0.732414	0.732694	0.732161	0.742834	0.73152	0.724305	0.733352	0.725993	0.714394	0.73398	0.728137	1	0.732991	0.734244	0.731727	0.739159	0.734338	0.733505	0.733607	0.732505	0.735559	0.742851	0.739884	0.731896	0.720401	0.740747	0.72878
0.734527	0.724204	0.739093	0.726606	0.732901	0.724989	0.725713	0.732411	0.732463	0.738009	0.731717	0.743576	0.732764	0.727205	0.727848	0.728911	0.733745	0.729166	0.737042	0.732227	0.733696	0.732261	0.728793	0.73452	0.733864	0.727388	0.731175	0.735661	0.722029	0.733192	0.73323	0.732991	1	0.731398	0.726084	0.742494	0.725287	0.735663	0.732753	0.745798	0.73456	0.731476	0.731253	0.732434	0.720686	0.731981	0.745329
0.725903	0.733438	0.726842	0.723834	0.737391	0.736948	0.720079	0.723344	0.726908	0.728193	0.727622	0.722668	0.73079	0.730463	0.730281	0.727293	0.729637	0.727131	0.734672	0.734564	0.727799	0.722915	0.743858	0.733886	0.728688	0.735372	0.735856	0.72668	0.717561	0.736077	0.734853	0.734244	0.731398	1	0.73503	0.723065	0.736666	0.731171	0.725144	0.740508	0.725983	0.727864	0.73262	0.729039	0.717913	0.741583	0.735985
0.718924	0.727576	0.72924	0.729885	0.724562	0.727206	0.718771	0.714757	0.719148	0.723232	0.720711	0.723392	0.72581	0.723946	0.729571	0.720467	0.721382	0.720558	0.718289	0.726649	0.734889	0.733718	0.733669	0.732348	0.721751	0.723868	0.721304	0.721787	0.710307	0.71667	0.722572	0.731727	0.726084	0.73503	1	0.730081	0.724536	0.726401	0.727904	0.733331	0.732683	0.728622	0.724468	0.722741	0.711139	0.722971	0.719711
0.73248	0.722462	0.739545	0.724307	0.732806	0.724417	0.723321	0.72914	0.734869	0.740688	0.736485	0.725462	0.731328	0.728107	0.73075	0.734968	0.736739	0.730615	0.733355	0.731303	0.734443	0.728858	0.736959	0.733274	0.731178	0.723329	0.726192	0.735681	0.71849	0.725723	0.726222	0.739159	0.742494	0.723065	0.730081	1	0.73353	0.728057	0.740001	0.739419	0.744896	0.738735	0.731336	0.732765	0.719655	0.732362	0.734771
0.731855	0.72774	0.723934	0.729214	0.722826	0.730509	0.718601	0.725934	0.730715	0.729367	0.730271	0.728066	0.736507	0.736	0.731274	0.729368	0.725151	0.728748	0.740473	0.729879	0.726797	0.725117	0.737938	0.730873	0.731701	0.73224	0.729557	0.731052	0.718282	0.730748	0.732677	0.734338	0.725287	0.736666	0.724536	0.73353	1	0.729892	0.72634	0.723687	0.735913	0.777488	0.732716	0.735398	0.710594	0.736242	0.727792
0.733089	0.734891	0.730547	0.723332	0.73171	0.736927	0.724569	0.728837	0.73168	0.732502	0.728447	0.729542	0.7309	0.734392	0.73332	0.729239	0.735945	0.724441	0.732669	0.727261	0.736163	0.728807	0.740159	0.733903	0.736873	0.742692	0.730413	0.734989	0.726756	0.73405	0.730678	0.733505	0.735663	0.731171	0.726401	0.728057	0.729892	1	0.733427	0.741477	0.730069	0.72866	0.734865	0.732874	0.720859	0.740236	0.728287
0.731397	0.72075	0.729852	0.721746	0.726157	0.727107	0.719388	0.727016	0.730423	0.731915	0.731995	0.732781	0.729596	0.726594	0.730888	0.727372	0.726412	0.726012	0.726024	0.729205	0.726492	0.734277	0.726403	0.731488	0.727399	0.734492	0.725274	0.729051	0.721724	0.723849	0.737641	0.733607	0.732753	0.725144	0.727904	0.740001	0.72634	0.733427	1	0.738954	0.736774	0.725484	0.726893	0.728715	0.714895	0.732465	0.732345
0.739036	0.72578	0.731377	0.724256	0.732763	0.731902	0.723505	0.729445	0.736048	0.742125	0.733848	0.731548	0.732103	0.723326	0.731331	0.732881	0.742732	0.728349	0.731138	0.728897	0.729054	0.732368	0.734687	0.734991	0.7349	0.728874	0.732555	0.72867	0.73163	0.738484	0.735172	0.732505	0.745798	0.740508	0.733331	0.739419	0.723687	0.741477	0.738954	1	0.733437	0.729437	0.728859	0.731654	0.722996	0.740253	0.734516
0.730893	0.735802	0.737457	0.723947	0.736013	0.725779	0.725914	0.731917	0.733392	0.730099	0.738575	0.727971	0.737592	0.731991	0.737143	0.741306	0.731004	0.733751	0.735197	0.733294	0.733422	0.729639	0.740234	0.734769	0.740454	0.727798	0.736748	0.733571	0.726761	0.732255	0.734214	0.735559	0.73456	0.725983	0.732683	0.744896	0.735913	0.730069	0.736774	0.733437	1	0.734222	0.739512	0.743874	0.719142	0.733534	0.731196
0.738435	0.723622	0.729156	0.71904	0.733562	0.741442	0.727849	0.737149	0.743173	0.731356	0.739084	0.735764	0.736841	0.735778	0.736623	0.730363	0.732457	0.725761	0.737938	0.734812	0.737172	0.727058	0.733927	0.732937	0.739957	0.73023	0.738498	0.734322	0.71861	0.729179	0.730244	0.742851	0.731476	0.727864	0.728622	0.738735	0.777488	0.72866	0.725484	0.729437	0.734222	1	0.741921	0.729857	0.720101	0.730837	0.7296
0.735286	0.731997	0.733944	0.726392	0.726902	0.744011	0.721095	0.73686	0.73403	0.727765	0.738298	0.733743	0.732085	0.735997	0.742119	0.73786	0.7279	0.724851	0.733639	0.72965	0.72993	0.724472	0.733883	0.73723	0.737589	0.735477	0.735664	0.732588	0.716157	0.72999	0.733197	0.739884	0.731253	0.73262	0.724468	0.731336	0.732716	0.734865	0.726893	0.728859	0.739512	0.741921	1	0.734297	0.725098	0.739805	0.728175
0.727319	0.727453	0.739586	0.723294	0.735703	0.727752	0.723741	0.729642	0.733761	0.728253	0.744873	0.726584	0.73595	0.734485	0.729467	0.736924	0.732685	0.72947	0.725843	0.725844	0.727892	0.726025	0.735901	0.736729	0.738993	0.729352	0.73237	0.734154	0.724673	0.738358	0.729849	0.731896	0.732434	0.729039	0.722741	0.732765	0.735398	0.732874	0.728715	0.731654	0.743874	0.729857	0.734297	1	0.722484	0.733937	0.726116
0.732771	0.718553	0.720616	0.716498	0.721502	0.718789	0.712741	0.71608	0.726477	0.717861	0.727436	0.72426	0.723827	0.713798	0.722173	0.724732	0.727821	0.718893	0.723863	0.709864	0.718798	0.718985	0.729756	0.729516	0.723665	0.71601	0.721394	0.721675	0.756559	0.722066	0.724979	0.720401	0.720686	0.717913	0.711139	0.719655	0.710594	0.720859	0.714895	0.722996	0.719142	0.720101	0.725098	0.722484	1	0.718194	0.719256
0.7349	0.730833	0.733251	0.718786	0.727221	0.733264	0.721974	0.734081	0.725856	0.733862	0.728886	0.730443	0.741182	0.728138	0.735134	0.732231	0.732599	0.725374	0.739326	0.728542	0.735502	0.729457	0.740742	0.733127	0.738774	0.737394	0.727618	0.728675	0.724265	0.740003	0.730915	0.740747	0.731981	0.741583	0.722971	0.732362	0.736242	0.740236	0.732465	0.740253	0.733534	0.730837	0.739805	0.733937	0.718194	1	0.732931
0.737263	0.725941	0.731902	0.720472	0.730846	0.728431	0.721742	0.72927	0.730493	0.732537	0.726596	0.737478	0.731161	0.728268	0.729088	0.720991	0.729943	0.723314	0.728432	0.738392	0.737195	0.725249	0.735124	0.734687	0.73081	0.723687	0.733991	0.736718	0.723424	0.730939	0.730604	0.72878	0.745329	0.735985	0.719711	0.734771	0.727792	0.728287	0.732345	0.734516	0.731196	0.7296	0.728175	0.726116	0.719256	0.732931	1
