1	0.741102	0.744902	0.744096	0.734993	0.720233	0.735626	0.736141	0.742356	0.742853	0.742423	0.728897	0.738936	0.738739	0.733317	0.788859	0.741872	0.736023	0.737761	0.742968	0.738751	0.737968	0.733155	0.732283	0.737892	0.733536	0.738441	0.7361	0.736065	0.740212	0.732828	0.749835	0.731331	0.738252	0.746081	0.734425	0.738725	0.739199	0.734755	0.742748	0.734182	0.735847	0.733796	0.742331	0.730968	0.73355	0.733287	0.737892	0.734416	0.727976	0.737065	0.748145	0.734287
0.741102	1	0.736881	0.735164	0.739849	0.732146	0.74049	0.739761	0.733155	0.74484	0.733038	0.741188	0.740276	0.740711	0.749259	0.739882	0.738497	0.733182	0.736753	0.739443	0.739474	0.736976	0.735172	0.742043	0.742737	0.740504	0.739202	0.738271	0.750048	0.730801	0.741308	0.742426	0.735701	0.737353	0.733347	0.738515	0.737909	0.732555	0.738966	0.744361	0.729951	0.741867	0.741919	0.739759	0.730762	0.742409	0.730666	0.740373	0.7425	0.730804	0.736542	0.743591	0.735746
0.744902	0.736881	1	0.732854	0.734511	0.716022	0.738518	0.73226	0.728657	0.738569	0.736487	0.727929	0.725901	0.736115	0.726225	0.738204	0.741464	0.732086	0.726839	0.728092	0.731484	0.739173	0.726021	0.732676	0.730566	0.737318	0.730792	0.737715	0.738339	0.739102	0.743494	0.741166	0.732902	0.735526	0.735336	0.738624	0.73153	0.751861	0.74658	0.738621	0.738735	0.737257	0.729535	0.732326	0.736878	0.731664	0.731091	0.726162	0.731784	0.735617	0.736217	0.741419	0.731
0.744096	0.735164	0.732854	1	0.749796	0.709948	0.73621	0.737834	0.730704	0.746492	0.72621	0.731995	0.74178	0.749205	0.736056	0.733896	0.728021	0.742401	0.742633	0.734273	0.737855	0.730286	0.729529	0.737823	0.739554	0.736972	0.738499	0.731528	0.743038	0.745414	0.728612	0.742056	0.735834	0.729206	0.738111	0.734424	0.736656	0.732009	0.736452	0.735141	0.74822	0.728276	0.732114	0.737961	0.742045	0.729576	0.733939	0.740316	0.740801	0.72396	0.738017	0.737703	0.726819
0.734993	0.739849	0.734511	0.749796	1	0.717005	0.728301	0.732276	0.733654	0.735498	0.730426	0.733649	0.731142	0.74537	0.734911	0.735103	0.746112	0.734708	0.730364	0.736386	0.729302	0.733723	0.738802	0.740405	0.742883	0.747985	0.732217	0.736133	0.735576	0.739912	0.736466	0.746119	0.727978	0.724383	0.729456	0.72912	0.749773	0.733419	0.73287	0.742564	0.731039	0.728036	0.739421	0.746338	0.740901	0.742563	0.732838	0.734602	0.731224	0.727818	0.743796	0.74349	0.730815
0.720233	0.732146	0.716022	0.709948	0.717005	1	0.724313	0.717334	0.723008	0.720311	0.722598	0.72331	0.717758	0.714559	0.717159	0.724139	0.711083	0.716159	0.715269	0.720423	0.722063	0.725297	0.722406	0.717725	0.72079	0.72649	0.713575	0.725532	0.717877	0.719612	0.722636	0.720774	0.721326	0.715571	0.715567	0.722702	0.722871	0.720862	0.712168	0.72144	0.721888	0.726567	0.729283	0.718549	0.709477	0.71355	0.722177	0.719026	0.715818	0.715813	0.725024	0.722995	0.710731
0.735626	0.74049	0.738518	0.73621	0.728301	0.724313	1	0.72936	0.73729	0.738263	0.735211	0.73393	0.728206	0.738747	0.735451	0.732913	0.728055	0.736653	0.72665	0.739598	0.732964	0.734471	0.731047	0.730253	0.748883	0.742359	0.734849	0.743404	0.739028	0.733483	0.737532	0.734906	0.739799	0.732394	0.730618	0.738921	0.733129	0.739917	0.741931	0.733715	0.733331	0.742486	0.734197	0.738571	0.734758	0.741727	0.732657	0.741465	0.74284	0.729735	0.742561	0.735329	0.737774
0.736141	0.739761	0.73226	0.737834	0.732276	0.717334	0.72936	1	0.72907	0.732142	0.730828	0.729795	0.73348	0.734909	0.731317	0.743712	0.749406	0.746333	0.73341	0.739042	0.734063	0.734162	0.738988	0.733424	0.732175	0.742109	0.735886	0.732247	0.731379	0.730654	0.73844	0.739562	0.731342	0.735051	0.748737	0.737	0.738777	0.728796	0.742841	0.745527	0.734443	0.72878	0.72608	0.735749	0.732905	0.740458	0.740746	0.735044	0.733831	0.732343	0.737919	0.739305	0.734041
0.742356	0.733155	0.728657	0.730704	0.733654	0.723008	0.73729	0.72907	1	0.738573	0.731729	0.731622	0.742326	0.726755	0.734737	0.732899	0.738258	0.739804	0.729261	0.739101	0.724891	0.736685	0.735376	0.735445	0.731323	0.74121	0.72679	0.734667	0.734878	0.737376	0.736525	0.731286	0.739249	0.736044	0.739624	0.734933	0.728236	0.736652	0.733449	0.743432	0.733371	0.727546	0.732994	0.736014	0.737699	0.740734	0.72752	0.738211	0.73046	0.728892	0.738209	0.736757	0.731535
0.742853	0.74484	0.738569	0.746492	0.735498	0.720311	0.738263	0.732142	0.738573	1	0.744482	0.734885	0.736487	0.740463	0.731906	0.739468	0.737802	0.741353	0.732459	0.738481	0.722793	0.746017	0.733107	0.740125	0.737519	0.73562	0.750604	0.731335	0.73835	0.738787	0.743508	0.746835	0.731957	0.738404	0.734194	0.735883	0.738867	0.737455	0.726071	0.737963	0.744802	0.736213	0.735402	0.741625	0.728895	0.729897	0.72495	0.740793	0.737707	0.725023	0.73282	0.735507	0.731279
0.742423	0.733038	0.736487	0.72621	0.730426	0.722598	0.735211	0.730828	0.731729	0.744482	1	0.725039	0.719079	0.725388	0.731265	0.73737	0.734912	0.729818	0.733775	0.736132	0.727239	0.726304	0.736155	0.737666	0.728782	0.738831	0.7338	0.739185	0.733458	0.724055	0.732998	0.738482	0.73458	0.735268	0.730174	0.725764	0.731087	0.734211	0.727557	0.739197	0.733679	0.725134	0.740187	0.724987	0.724891	0.729385	0.72592	0.738419	0.731186	0.722263	0.730136	0.738118	0.726282
0.728897	0.741188	0.727929	0.731995	0.733649	0.72331	0.73393	0.729795	0.731622	0.734885	0.725039	1	0.729279	0.735508	0.729566	0.738478	0.731801	0.733466	0.727755	0.741471	0.727846	0.731448	0.736902	0.743299	0.743221	0.729692	0.733352	0.73966	0.74193	0.731667	0.73538	0.729775	0.723979	0.738695	0.727523	0.727412	0.737372	0.734885	0.729106	0.731317	0.73318	0.734088	0.737325	0.725142	0.728705	0.730603	0.744673	0.732005	0.740105	0.726541	0.732161	0.732632	0.733402
0.738936	0.740276	0.725901	0.74178	0.731142	0.717758	0.728206	0.73348	0.742326	0.736487	0.719079	0.729279	1	0.735607	0.728358	0.732775	0.730237	0.737225	0.737241	0.737527	0.730177	0.740823	0.730581	0.733172	0.72971	0.731952	0.738316	0.729371	0.738026	0.732258	0.732343	0.724852	0.732899	0.742377	0.741136	0.740329	0.742684	0.730767	0.737176	0.733598	0.733887	0.739949	0.739038	0.740642	0.736847	0.736464	0.723492	0.735104	0.735745	0.729995	0.738042	0.742292	0.731705
0.738739	0.740711	0.736115	0.749205	0.74537	0.714559	0.738747	0.734909	0.726755	0.740463	0.725388	0.735508	0.735607	1	0.7371	0.729089	0.735799	0.740512	0.739037	0.734644	0.736811	0.732665	0.735183	0.731154	0.734246	0.741905	0.74297	0.740715	0.739801	0.734396	0.735547	0.734476	0.729349	0.737938	0.728807	0.735766	0.736689	0.727485	0.734457	0.732171	0.736434	0.726834	0.732553	0.73713	0.738576	0.735842	0.73163	0.742629	0.732866	0.727878	0.735634	0.72903	0.740791
0.733317	0.749259	0.726225	0.736056	0.734911	0.717159	0.735451	0.731317	0.734737	0.731906	0.731265	0.729566	0.728358	0.7371	1	0.731415	0.72731	0.73039	0.743563	0.735754	0.728717	0.728105	0.733491	0.737071	0.73524	0.742027	0.721724	0.729722	0.741781	0.73398	0.72629	0.741827	0.742535	0.720421	0.733173	0.729486	0.7277	0.73496	0.734354	0.739195	0.731056	0.743711	0.732792	0.731306	0.730822	0.730844	0.737496	0.743936	0.736393	0.723443	0.737383	0.726657	0.736365
0.788859	0.739882	0.738204	0.733896	0.735103	0.724139	0.732913	0.743712	0.732899	0.739468	0.73737	0.738478	0.732775	0.729089	0.731415	1	0.747877	0.742335	0.726186	0.746268	0.733382	0.742411	0.744134	0.733122	0.734259	0.736292	0.734545	0.72654	0.734708	0.742223	0.740275	0.754276	0.730895	0.741144	0.748644	0.732579	0.735789	0.743503	0.7337	0.740977	0.739383	0.735336	0.735606	0.73224	0.734552	0.73601	0.73772	0.732263	0.743821	0.725926	0.744434	0.744639	0.733154
0.741872	0.738497	0.741464	0.728021	0.746112	0.711083	0.728055	0.749406	0.738258	0.737802	0.734912	0.731801	0.730237	0.735799	0.72731	0.747877	1	0.727695	0.733444	0.738944	0.736485	0.735549	0.73609	0.733359	0.729328	0.739575	0.73757	0.735403	0.736673	0.729402	0.740193	0.747362	0.735644	0.738509	0.739643	0.732091	0.732703	0.736258	0.736598	0.737164	0.737469	0.72501	0.739899	0.735456	0.740361	0.736907	0.724569	0.734639	0.723498	0.735099	0.739789	0.74368	0.735564
0.736023	0.733182	0.732086	0.742401	0.734708	0.716159	0.736653	0.746333	0.739804	0.741353	0.729818	0.733466	0.737225	0.740512	0.73039	0.742335	0.727695	1	0.732243	0.739665	0.724171	0.739943	0.735255	0.731455	0.734267	0.734122	0.73111	0.732551	0.73531	0.737665	0.735359	0.728672	0.727663	0.743236	0.73925	0.730267	0.736646	0.734063	0.737324	0.73429	0.740219	0.727195	0.727921	0.739777	0.732222	0.741049	0.733993	0.728474	0.743188	0.726407	0.741288	0.742526	0.737799
0.737761	0.736753	0.726839	0.742633	0.730364	0.715269	0.72665	0.73341	0.729261	0.732459	0.733775	0.727755	0.737241	0.739037	0.743563	0.726186	0.733444	0.732243	1	0.738351	0.735074	0.731712	0.72778	0.739167	0.736808	0.734245	0.739353	0.733056	0.742097	0.732649	0.724354	0.736233	0.726481	0.731342	0.73673	0.734624	0.728602	0.721002	0.740016	0.735222	0.735616	0.732808	0.737558	0.737612	0.732809	0.73085	0.737681	0.738073	0.725996	0.729143	0.732125	0.733033	0.736592
0.742968	0.739443	0.728092	0.734273	0.736386	0.720423	0.739598	0.739042	0.739101	0.738481	0.736132	0.741471	0.737527	0.734644	0.735754	0.746268	0.738944	0.739665	0.738351	1	0.727276	0.735956	0.739348	0.72921	0.741166	0.734695	0.73985	0.735787	0.734081	0.737305	0.741177	0.745433	0.72913	0.742149	0.735678	0.732134	0.744118	0.735425	0.745178	0.745896	0.738417	0.738882	0.739774	0.7353	0.735111	0.744336	0.740938	0.74242	0.743337	0.729757	0.739568	0.735772	0.726565
0.738751	0.739474	0.731484	0.737855	0.729302	0.722063	0.732964	0.734063	0.724891	0.722793	0.727239	0.727846	0.730177	0.736811	0.728717	0.733382	0.736485	0.724171	0.735074	0.727276	1	0.729433	0.738504	0.734314	0.732574	0.742483	0.735022	0.74315	0.738511	0.727829	0.732176	0.73162	0.743179	0.737401	0.732777	0.734186	0.729194	0.735255	0.733574	0.730554	0.732307	0.734826	0.747741	0.735289	0.737714	0.734676	0.735402	0.74011	0.725196	0.731234	0.730375	0.737737	0.730043
0.737968	0.736976	0.739173	0.730286	0.733723	0.725297	0.734471	0.734162	0.736685	0.746017	0.726304	0.731448	0.740823	0.732665	0.728105	0.742411	0.735549	0.739943	0.731712	0.735956	0.729433	1	0.734389	0.729612	0.734501	0.73731	0.728587	0.735438	0.732703	0.737761	0.734689	0.740524	0.727154	0.737821	0.742056	0.741798	0.730229	0.740718	0.731614	0.737712	0.734225	0.740657	0.738569	0.7277	0.739598	0.737649	0.735364	0.736329	0.735522	0.731296	0.737041	0.736278	0.733918
0.733155	0.735172	0.726021	0.729529	0.738802	0.722406	0.731047	0.738988	0.735376	0.733107	0.736155	0.736902	0.730581	0.735183	0.733491	0.744134	0.73609	0.735255	0.72778	0.739348	0.738504	0.734389	1	0.739971	0.729106	0.738866	0.731347	0.737647	0.736063	0.730723	0.7336	0.736207	0.737393	0.742068	0.730154	0.7278	0.740579	0.731484	0.732864	0.734604	0.735085	0.742536	0.744087	0.727945	0.725361	0.741123	0.737415	0.735633	0.732351	0.722967	0.744791	0.729897	0.736835
0.732283	0.742043	0.732676	0.737823	0.740405	0.717725	0.730253	0.733424	0.735445	0.740125	0.737666	0.743299	0.733172	0.731154	0.737071	0.733122	0.733359	0.731455	0.739167	0.72921	0.734314	0.729612	0.739971	1	0.73054	0.726388	0.738005	0.728666	0.738642	0.735469	0.724267	0.727005	0.731211	0.738044	0.720016	0.734062	0.730763	0.728856	0.736405	0.729073	0.727409	0.728649	0.737696	0.729591	0.732025	0.727142	0.733015	0.736545	0.741896	0.725858	0.735956	0.734194	0.72862
0.737892	0.742737	0.730566	0.739554	0.742883	0.72079	0.748883	0.732175	0.731323	0.737519	0.728782	0.743221	0.72971	0.734246	0.73524	0.734259	0.729328	0.734267	0.736808	0.741166	0.732574	0.734501	0.729106	0.73054	1	0.737638	0.736154	0.728196	0.736269	0.737953	0.739267	0.735109	0.730179	0.730826	0.734053	0.737874	0.733449	0.733817	0.737281	0.737572	0.731973	0.738615	0.733771	0.729986	0.727547	0.730568	0.737687	0.734642	0.741911	0.723973	0.730986	0.734453	0.734317
0.733536	0.740504	0.737318	0.736972	0.747985	0.72649	0.742359	0.742109	0.74121	0.73562	0.738831	0.729692	0.731952	0.741905	0.742027	0.736292	0.739575	0.734122	0.734245	0.734695	0.742483	0.73731	0.738866	0.726388	0.737638	1	0.735045	0.741158	0.732193	0.733255	0.745421	0.739904	0.735901	0.734134	0.740193	0.731218	0.734023	0.732677	0.733018	0.747603	0.740619	0.735638	0.742931	0.736885	0.729613	0.734449	0.738523	0.73253	0.735644	0.72573	0.743975	0.736625	0.733684
0.738441	0.739202	0.730792	0.738499	0.732217	0.713575	0.734849	0.735886	0.72679	0.750604	0.7338	0.733352	0.738316	0.74297	0.721724	0.734545	0.73757	0.73111	0.739353	0.73985	0.735022	0.728587	0.731347	0.738005	0.736154	0.735045	1	0.738173	0.735615	0.731781	0.743401	0.750488	0.726666	0.743746	0.734996	0.729368	0.742249	0.73167	0.736764	0.735612	0.742767	0.740568	0.739661	0.745129	0.73248	0.735143	0.726759	0.734532	0.736478	0.725575	0.738197	0.742078	0.741546
0.7361	0.738271	0.737715	0.731528	0.736133	0.725532	0.743404	0.732247	0.734667	0.731335	0.739185	0.73966	0.729371	0.740715	0.729722	0.72654	0.735403	0.732551	0.733056	0.735787	0.74315	0.735438	0.737647	0.728666	0.728196	0.741158	0.738173	1	0.737533	0.735151	0.743468	0.74125	0.73505	0.734828	0.733996	0.729545	0.729107	0.732882	0.738852	0.744212	0.732959	0.727334	0.734971	0.726126	0.734459	0.736301	0.735294	0.735071	0.73049	0.730929	0.729835	0.739591	0.734426
0.736065	0.750048	0.738339	0.743038	0.735576	0.717877	0.739028	0.731379	0.734878	0.73835	0.733458	0.74193	0.738026	0.739801	0.741781	0.734708	0.736673	0.73531	0.742097	0.734081	0.738511	0.732703	0.736063	0.738642	0.736269	0.732193	0.735615	0.737533	1	0.72993	0.73338	0.735083	0.733348	0.740771	0.732782	0.730675	0.729497	0.734679	0.730053	0.731993	0.731505	0.741209	0.731528	0.739164	0.741453	0.731716	0.730036	0.740742	0.738109	0.73027	0.732353	0.741143	0.73685
0.740212	0.730801	0.739102	0.745414	0.739912	0.719612	0.733483	0.730654	0.737376	0.738787	0.724055	0.731667	0.732258	0.734396	0.73398	0.742223	0.729402	0.737665	0.732649	0.737305	0.727829	0.737761	0.730723	0.735469	0.737953	0.733255	0.731781	0.735151	0.72993	1	0.733485	0.737967	0.723352	0.721843	0.735197	0.739404	0.735151	0.73606	0.739023	0.745285	0.740398	0.734318	0.731665	0.735386	0.73513	0.71783	0.73268	0.727372	0.727838	0.736942	0.729722	0.729117	0.7284
0.732828	0.741308	0.743494	0.728612	0.736466	0.722636	0.737532	0.73844	0.736525	0.743508	0.732998	0.73538	0.732343	0.735547	0.72629	0.740275	0.740193	0.735359	0.724354	0.741177	0.732176	0.734689	0.7336	0.724267	0.739267	0.745421	0.743401	0.743468	0.73338	0.733485	1	0.741949	0.733933	0.742124	0.732085	0.734328	0.735217	0.73415	0.738437	0.743391	0.744281	0.738791	0.743861	0.738277	0.729035	0.733936	0.726017	0.73113	0.730919	0.730627	0.739955	0.744608	0.736455
0.749835	0.742426	0.741166	0.742056	0.746119	0.720774	0.734906	0.739562	0.731286	0.746835	0.738482	0.729775	0.724852	0.734476	0.741827	0.754276	0.747362	0.728672	0.736233	0.745433	0.73162	0.740524	0.736207	0.727005	0.735109	0.739904	0.750488	0.74125	0.735083	0.737967	0.741949	1	0.736536	0.740464	0.741758	0.733962	0.739421	0.729087	0.721306	0.748891	0.745056	0.734556	0.729494	0.738063	0.733907	0.737137	0.736572	0.729907	0.737505	0.731235	0.741887	0.730152	0.728389
0.731331	0.735701	0.732902	0.735834	0.727978	0.721326	0.739799	0.731342	0.739249	0.731957	0.73458	0.723979	0.732899	0.729349	0.742535	0.730895	0.735644	0.727663	0.726481	0.72913	0.743179	0.727154	0.737393	0.731211	0.730179	0.735901	0.726666	0.73505	0.733348	0.723352	0.733933	0.736536	1	0.734453	0.734994	0.737054	0.7276	0.722629	0.722958	0.7361	0.732969	0.740594	0.72724	0.730254	0.735705	0.736271	0.732752	0.729308	0.737096	0.725841	0.74141	0.73608	0.726845
0.738252	0.737353	0.735526	0.729206	0.724383	0.715571	0.732394	0.735051	0.736044	0.738404	0.735268	0.738695	0.742377	0.737938	0.720421	0.741144	0.738509	0.743236	0.731342	0.742149	0.737401	0.737821	0.742068	0.738044	0.730826	0.734134	0.743746	0.734828	0.740771	0.721843	0.742124	0.740464	0.734453	1	0.746993	0.732543	0.73511	0.746649	0.736215	0.731481	0.742328	0.73474	0.730499	0.734833	0.73537	0.738568	0.741253	0.727557	0.73781	0.728365	0.736082	0.733426	0.731182
0.746081	0.733347	0.735336	0.738111	0.729456	0.715567	0.730618	0.748737	0.739624	0.734194	0.730174	0.727523	0.741136	0.728807	0.733173	0.748644	0.739643	0.73925	0.73673	0.735678	0.732777	0.742056	0.730154	0.720016	0.734053	0.740193	0.734996	0.733996	0.732782	0.735197	0.732085	0.741758	0.734994	0.746993	1	0.741213	0.736884	0.741265	0.733435	0.744374	0.745641	0.736063	0.719514	0.740112	0.741689	0.742205	0.736827	0.726617	0.735848	0.739265	0.740968	0.741407	0.735297
0.734425	0.738515	0.738624	0.734424	0.72912	0.722702	0.738921	0.737	0.734933	0.735883	0.725764	0.727412	0.740329	0.735766	0.729486	0.732579	0.732091	0.730267	0.734624	0.732134	0.734186	0.741798	0.7278	0.734062	0.737874	0.731218	0.729368	0.729545	0.730675	0.739404	0.734328	0.733962	0.737054	0.732543	0.741213	1	0.734106	0.737181	0.736365	0.733504	0.734491	0.740409	0.729142	0.730316	0.739496	0.736515	0.734881	0.73826	0.731624	0.735634	0.735209	0.740803	0.730074
0.738725	0.737909	0.73153	0.736656	0.749773	0.722871	0.733129	0.738777	0.728236	0.738867	0.731087	0.737372	0.742684	0.736689	0.7277	0.735789	0.732703	0.736646	0.728602	0.744118	0.729194	0.730229	0.740579	0.730763	0.733449	0.734023	0.742249	0.729107	0.729497	0.735151	0.735217	0.739421	0.7276	0.73511	0.736884	0.734106	1	0.741207	0.735959	0.741757	0.745437	0.739177	0.73555	0.74449	0.73278	0.739378	0.738767	0.734607	0.731776	0.732156	0.742192	0.738066	0.718331
0.739199	0.732555	0.751861	0.732009	0.733419	0.720862	0.739917	0.728796	0.736652	0.737455	0.734211	0.734885	0.730767	0.727485	0.73496	0.743503	0.736258	0.734063	0.721002	0.735425	0.735255	0.740718	0.731484	0.728856	0.733817	0.732677	0.73167	0.732882	0.734679	0.73606	0.73415	0.729087	0.722629	0.746649	0.741265	0.737181	0.741207	1	0.740616	0.7394	0.740521	0.738107	0.733098	0.732065	0.739077	0.737129	0.732036	0.734504	0.734421	0.732655	0.736063	0.735096	0.723036
0.734755	0.738966	0.74658	0.736452	0.73287	0.712168	0.741931	0.742841	0.733449	0.726071	0.727557	0.729106	0.737176	0.734457	0.734354	0.7337	0.736598	0.737324	0.740016	0.745178	0.733574	0.731614	0.732864	0.736405	0.737281	0.733018	0.736764	0.738852	0.730053	0.739023	0.738437	0.721306	0.722958	0.736215	0.733435	0.736365	0.735959	0.740616	1	0.744185	0.733592	0.73299	0.73158	0.730253	0.737561	0.734433	0.735755	0.729991	0.730384	0.72759	0.73752	0.735321	0.729633
0.742748	0.744361	0.738621	0.735141	0.742564	0.72144	0.733715	0.745527	0.743432	0.737963	0.739197	0.731317	0.733598	0.732171	0.739195	0.740977	0.737164	0.73429	0.735222	0.745896	0.730554	0.737712	0.734604	0.729073	0.737572	0.747603	0.735612	0.744212	0.731993	0.745285	0.743391	0.748891	0.7361	0.731481	0.744374	0.733504	0.741757	0.7394	0.744185	1	0.745235	0.736998	0.729484	0.739725	0.738396	0.737502	0.735622	0.730342	0.730067	0.732203	0.739783	0.74279	0.723332
0.734182	0.729951	0.738735	0.74822	0.731039	0.721888	0.733331	0.734443	0.733371	0.744802	0.733679	0.73318	0.733887	0.736434	0.731056	0.739383	0.737469	0.740219	0.735616	0.738417	0.732307	0.734225	0.735085	0.727409	0.731973	0.740619	0.742767	0.732959	0.731505	0.740398	0.744281	0.745056	0.732969	0.742328	0.745641	0.734491	0.745437	0.740521	0.733592	0.745235	1	0.731843	0.732452	0.745809	0.733878	0.735769	0.733492	0.734736	0.73514	0.740249	0.731179	0.729961	0.728783
0.735847	0.741867	0.737257	0.728276	0.728036	0.726567	0.742486	0.72878	0.727546	0.736213	0.725134	0.734088	0.739949	0.726834	0.743711	0.735336	0.72501	0.727195	0.732808	0.738882	0.734826	0.740657	0.742536	0.728649	0.738615	0.735638	0.740568	0.727334	0.741209	0.734318	0.738791	0.734556	0.740594	0.73474	0.736063	0.740409	0.739177	0.738107	0.73299	0.736998	0.731843	1	0.731893	0.741958	0.733049	0.730396	0.733238	0.737811	0.735031	0.7314	0.735383	0.740758	0.745066
0.733796	0.741919	0.729535	0.732114	0.739421	0.729283	0.734197	0.72608	0.732994	0.735402	0.740187	0.737325	0.739038	0.732553	0.732792	0.735606	0.739899	0.727921	0.737558	0.739774	0.747741	0.738569	0.744087	0.737696	0.733771	0.742931	0.739661	0.734971	0.731528	0.731665	0.743861	0.729494	0.72724	0.730499	0.719514	0.729142	0.73555	0.733098	0.73158	0.729484	0.732452	0.731893	1	0.726878	0.731373	0.733566	0.7281	0.751552	0.738081	0.725206	0.7358	0.736378	0.726631
0.742331	0.739759	0.732326	0.737961	0.746338	0.718549	0.738571	0.735749	0.736014	0.741625	0.724987	0.725142	0.740642	0.73713	0.731306	0.73224	0.735456	0.739777	0.737612	0.7353	0.735289	0.7277	0.727945	0.729591	0.729986	0.736885	0.745129	0.726126	0.739164	0.735386	0.738277	0.738063	0.730254	0.734833	0.740112	0.730316	0.74449	0.732065	0.730253	0.739725	0.745809	0.741958	0.726878	1	0.732007	0.735945	0.736165	0.738007	0.737776	0.732889	0.727927	0.737094	0.735618
0.730968	0.730762	0.736878	0.742045	0.740901	0.709477	0.734758	0.732905	0.737699	0.728895	0.724891	0.728705	0.736847	0.738576	0.730822	0.734552	0.740361	0.732222	0.732809	0.735111	0.737714	0.739598	0.725361	0.732025	0.727547	0.729613	0.73248	0.734459	0.741453	0.73513	0.729035	0.733907	0.735705	0.73537	0.741689	0.739496	0.73278	0.739077	0.737561	0.738396	0.733878	0.733049	0.731373	0.732007	1	0.735915	0.729633	0.730521	0.737679	0.742142	0.730169	0.744723	0.740815
0.73355	0.742409	0.731664	0.729576	0.742563	0.71355	0.741727	0.740458	0.740734	0.729897	0.729385	0.730603	0.736464	0.735842	0.730844	0.73601	0.736907	0.741049	0.73085	0.744336	0.734676	0.737649	0.741123	0.727142	0.730568	0.734449	0.735143	0.736301	0.731716	0.71783	0.733936	0.737137	0.736271	0.738568	0.742205	0.736515	0.739378	0.737129	0.734433	0.737502	0.735769	0.730396	0.733566	0.735945	0.735915	1	0.737895	0.742103	0.739713	0.724717	0.750831	0.742175	0.736101
0.733287	0.730666	0.731091	0.733939	0.732838	0.722177	0.732657	0.740746	0.72752	0.72495	0.72592	0.744673	0.723492	0.73163	0.737496	0.73772	0.724569	0.733993	0.737681	0.740938	0.735402	0.735364	0.737415	0.733015	0.737687	0.738523	0.726759	0.735294	0.730036	0.73268	0.726017	0.736572	0.732752	0.741253	0.736827	0.734881	0.738767	0.732036	0.735755	0.735622	0.733492	0.733238	0.7281	0.736165	0.729633	0.737895	1	0.739015	0.74635	0.73109	0.735979	0.732415	0.730444
0.737892	0.740373	0.726162	0.740316	0.734602	0.719026	0.741465	0.735044	0.738211	0.740793	0.738419	0.732005	0.735104	0.742629	0.743936	0.732263	0.734639	0.728474	0.738073	0.74242	0.74011	0.736329	0.735633	0.736545	0.734642	0.73253	0.734532	0.735071	0.740742	0.727372	0.73113	0.729907	0.729308	0.727557	0.726617	0.73826	0.734607	0.734504	0.729991	0.730342	0.734736	0.737811	0.751552	0.738007	0.730521	0.742103	0.739015	1	0.733248	0.735217	0.736604	0.734721	0.732682
0.734416	0.7425	0.731784	0.740801	0.731224	0.715818	0.74284	0.733831	0.73046	0.737707	0.731186	0.740105	0.735745	0.732866	0.736393	0.743821	0.723498	0.743188	0.725996	0.743337	0.725196	0.735522	0.732351	0.741896	0.741911	0.735644	0.736478	0.73049	0.738109	0.727838	0.730919	0.737505	0.737096	0.73781	0.735848	0.731624	0.731776	0.734421	0.730384	0.730067	0.73514	0.735031	0.738081	0.737776	0.737679	0.739713	0.74635	0.733248	1	0.730304	0.747492	0.737398	0.729743
0.727976	0.730804	0.735617	0.72396	0.727818	0.715813	0.729735	0.732343	0.728892	0.725023	0.722263	0.726541	0.729995	0.727878	0.723443	0.725926	0.735099	0.726407	0.729143	0.729757	0.731234	0.731296	0.722967	0.725858	0.723973	0.72573	0.725575	0.730929	0.73027	0.736942	0.730627	0.731235	0.725841	0.728365	0.739265	0.735634	0.732156	0.732655	0.72759	0.732203	0.740249	0.7314	0.725206	0.732889	0.742142	0.724717	0.73109	0.735217	0.730304	1	0.726205	0.728681	0.725975
0.737065	0.736542	0.736217	0.738017	0.743796	0.725024	0.742561	0.737919	0.738209	0.73282	0.730136	0.732161	0.738042	0.735634	0.737383	0.744434	0.739789	0.741288	0.732125	0.739568	0.730375	0.737041	0.744791	0.735956	0.730986	0.743975	0.738197	0.729835	0.732353	0.729722	0.739955	0.741887	0.74141	0.736082	0.740968	0.735209	0.742192	0.736063	0.73752	0.739783	0.731179	0.735383	0.7358	0.727927	0.730169	0.750831	0.735979	0.736604	0.747492	0.726205	1	0.744802	0.731081
0.748145	0.743591	0.741419	0.737703	0.74349	0.722995	0.735329	0.739305	0.736757	0.735507	0.738118	0.732632	0.742292	0.72903	0.726657	0.744639	0.74368	0.742526	0.733033	0.735772	0.737737	0.736278	0.729897	0.734194	0.734453	0.736625	0.742078	0.739591	0.741143	0.729117	0.744608	0.730152	0.73608	0.733426	0.741407	0.740803	0.738066	0.735096	0.735321	0.74279	0.729961	0.740758	0.736378	0.737094	0.744723	0.742175	0.732415	0.734721	0.737398	0.728681	0.744802	1	0.740237
0.734287	0.735746	0.731	0.726819	0.730815	0.710731	0.737774	0.734041	0.731535	0.731279	0.726282	0.733402	0.731705	0.740791	0.736365	0.733154	0.735564	0.737799	0.736592	0.726565	0.730043	0.733918	0.736835	0.72862	0.734317	0.733684	0.741546	0.734426	0.73685	0.7284	0.736455	0.728389	0.726845	0.731182	0.735297	0.730074	0.718331	0.723036	0.729633	0.723332	0.728783	0.745066	0.726631	0.735618	0.740815	0.736101	0.730444	0.732682	0.729743	0.725975	0.731081	0.740237	1
