1	0.726827	0.736641	0.703095	0.701762	0.707451	0.733848	0.701401	0.702077	0.702541
0.726827	1	0.73851	0.703576	0.708238	0.704784	0.740442	0.708503	0.708943	0.706743
0.736641	0.73851	1	0.710189	0.709782	0.711579	0.734253	0.712476	0.711473	0.714549
0.703095	0.703576	0.710189	1	0.755838	0.763032	0.700335	0.761179	0.756179	0.750726
0.701762	0.708238	0.709782	0.755838	1	0.760226	0.706741	0.76029	0.765795	0.761354
0.707451	0.704784	0.711579	0.763032	0.760226	1	0.703346	0.767861	0.758631	0.753879
0.733848	0.740442	0.734253	0.700335	0.706741	0.703346	1	0.705804	0.705504	0.706337
0.701401	0.708503	0.712476	0.761179	0.76029	0.767861	0.705804	1	0.769097	0.757838
0.702077	0.708943	0.711473	0.756179	0.765795	0.758631	0.705504	0.769097	1	0.757551
0.702541	0.706743	0.714549	0.750726	0.761354	0.753879	0.706337	0.757838	0.757551	1
