1	0.714896	0.735155	0.744627	0.737048	0.742007	0.719217	0.716205	0.743233	0.714825	0.716326	0.711949	0.715974	0.735045	0.743002	0.715617	0.713173	0.712407	0.708793	0.750954	0.74406	0.711925	0.744664	0.718295	0.71521	0.708394	0.719476	0.751996	0.743827	0.737519	0.714494	0.718126	0.712323	0.717445	0.749074	0.712685	0.714812	0.743184	0.758127	0.73503	0.74856	0.744644	0.714419	0.718134	0.714153	0.737961	0.713799	0.712291	0.742603	0.743253	0.749369	0.745349	0.715693	0.715243	0.715949	0.750571	0.739998	0.715301	0.711483	0.710043	0.715902	0.717823	0.716642	0.713532	0.739625	0.742583	0.73918	0.747582	0.750558	0.74755	0.73922	0.732947	0.715288	0.714732	0.745516	0.718086	0.712671	0.718496	0.71598	0.717264	0.714571	0.710782	0.712781	0.714848	0.745505	0.745319	0.744198	0.751409	0.743565	0.751357	0.748061	0.739516	0.712515	0.74483	0.747657	0.709437	0.750106	0.714077	0.719687	0.714345
0.714896	1	0.706263	0.719521	0.708588	0.720305	0.76446	0.767928	0.719941	0.766957	0.759109	0.745492	0.759341	0.711496	0.718305	0.759854	0.765417	0.765936	0.765794	0.717393	0.714928	0.753376	0.719302	0.761919	0.762088	0.757465	0.807769	0.715635	0.712879	0.720855	0.765079	0.759802	0.761428	0.766168	0.715142	0.762275	0.761583	0.716647	0.717285	0.709258	0.713866	0.716283	0.757678	0.756469	0.761554	0.713812	0.757833	0.762203	0.710894	0.716849	0.716785	0.717203	0.759893	0.759908	0.763468	0.713274	0.716994	0.756928	0.772472	0.755661	0.762018	0.768717	0.757996	0.762359	0.715996	0.705308	0.717741	0.718644	0.719778	0.716142	0.716321	0.709846	0.762774	0.758536	0.71511	0.765557	0.75809	0.759709	0.757756	0.765348	0.755179	0.757387	0.757051	0.761119	0.712472	0.717624	0.720047	0.716491	0.714301	0.715256	0.718097	0.713176	0.758099	0.699534	0.713741	0.751993	0.714125	0.760972	0.770876	0.758365
0.735155	0.706263	1	0.742184	0.729036	0.738185	0.706794	0.706351	0.739148	0.702979	0.706465	0.700437	0.706017	0.737183	0.73576	0.705072	0.702517	0.705461	0.70023	0.732337	0.736463	0.697555	0.733358	0.706456	0.705999	0.701498	0.707657	0.73383	0.747229	0.736642	0.702582	0.70733	0.705549	0.706647	0.747357	0.7039	0.705451	0.741017	0.741195	0.735223	0.740548	0.735346	0.707836	0.702896	0.702254	0.744279	0.710196	0.705511	0.732118	0.745074	0.744055	0.740626	0.705617	0.70465	0.71009	0.747665	0.73875	0.709262	0.708865	0.700227	0.706349	0.7059	0.706128	0.706811	0.741582	0.731949	0.743952	0.734204	0.745579	0.738318	0.747164	0.741919	0.705801	0.706399	0.736749	0.709581	0.706913	0.709355	0.710031	0.705177	0.707795	0.699596	0.705254	0.705587	0.742253	0.748202	0.734793	0.739547	0.749221	0.737878	0.745819	0.740403	0.707226	0.73227	0.744326	0.699502	0.739888	0.707872	0.702884	0.705215
0.744627	0.719521	0.742184	1	0.73513	0.74283	0.718773	0.720164	0.743764	0.719281	0.718689	0.711253	0.719269	0.738772	0.743528	0.715194	0.714433	0.719041	0.71292	0.746789	0.745297	0.714891	0.748561	0.717674	0.717019	0.716896	0.719771	0.740967	0.744223	0.74455	0.714738	0.720514	0.719292	0.719751	0.740134	0.713271	0.718902	0.747106	0.743673	0.73764	0.737008	0.743382	0.717815	0.718465	0.717852	0.738424	0.720732	0.718684	0.742296	0.742067	0.74101	0.747674	0.719756	0.720759	0.723484	0.735627	0.736287	0.716259	0.720447	0.710194	0.717478	0.719724	0.718395	0.7195	0.744841	0.736721	0.740838	0.743614	0.748224	0.751207	0.739508	0.742186	0.718459	0.719696	0.751683	0.721292	0.722217	0.722983	0.720118	0.71765	0.715812	0.714228	0.716153	0.7158	0.737421	0.742596	0.742144	0.74352	0.74932	0.741836	0.746365	0.750561	0.716033	0.732596	0.745375	0.714755	0.744318	0.716518	0.71532	0.71744
0.737048	0.708588	0.729036	0.73513	1	0.736543	0.707398	0.714394	0.73115	0.710547	0.709311	0.701284	0.709923	0.732906	0.735464	0.704898	0.707563	0.710118	0.704199	0.737324	0.736097	0.704483	0.741574	0.710631	0.713714	0.703461	0.710184	0.735959	0.738873	0.737632	0.706862	0.70934	0.707302	0.710983	0.737989	0.707373	0.70791	0.742148	0.733251	0.737106	0.735913	0.739187	0.706628	0.711545	0.706657	0.734399	0.70997	0.707954	0.733249	0.742129	0.74127	0.726908	0.709603	0.708752	0.710794	0.74167	0.733719	0.711122	0.710097	0.70738	0.712344	0.70737	0.712254	0.709204	0.74198	0.728587	0.727993	0.740498	0.733662	0.740364	0.737898	0.743454	0.710831	0.711327	0.738206	0.712142	0.711499	0.709382	0.710441	0.710051	0.710373	0.706707	0.707301	0.707301	0.74333	0.736738	0.73533	0.737611	0.737605	0.733269	0.740235	0.736443	0.705907	0.729895	0.732731	0.703426	0.734658	0.709809	0.709616	0.710472
0.742007	0.720305	0.738185	0.74283	0.736543	1	0.719821	0.717897	0.740319	0.719375	0.719665	0.711365	0.718118	0.738292	0.740637	0.712523	0.71669	0.717173	0.715306	0.750561	0.737466	0.714849	0.743739	0.717733	0.717299	0.712639	0.719889	0.736198	0.747359	0.73899	0.716943	0.720707	0.718052	0.71959	0.739079	0.717079	0.714444	0.739701	0.745629	0.741174	0.743744	0.747438	0.718791	0.717513	0.716386	0.746981	0.720468	0.721722	0.742337	0.745848	0.741476	0.748398	0.721114	0.718556	0.720977	0.734432	0.74471	0.719542	0.718159	0.711018	0.714292	0.716713	0.719012	0.71982	0.745288	0.735044	0.74951	0.747347	0.745756	0.745546	0.749702	0.737887	0.717202	0.719884	0.74536	0.721713	0.717834	0.721928	0.723294	0.72099	0.718924	0.713426	0.714041	0.71665	0.736528	0.743862	0.738788	0.74489	0.74801	0.746232	0.739803	0.746953	0.72015	0.733631	0.739867	0.712385	0.743402	0.71815	0.719498	0.715723
0.719217	0.76446	0.706794	0.718773	0.707398	0.719821	1	0.760363	0.719668	0.758857	0.76318	0.755912	0.763525	0.713345	0.718527	0.762974	0.756966	0.767615	0.75711	0.718983	0.715273	0.764411	0.720102	0.762941	0.763689	0.771694	0.763194	0.714755	0.713768	0.720925	0.761796	0.757157	0.760146	0.762797	0.713107	0.762756	0.76032	0.717786	0.718809	0.707882	0.71204	0.714008	0.759335	0.765108	0.76566	0.712533	0.763927	0.762562	0.71048	0.718418	0.721386	0.716918	0.761648	0.772309	0.754843	0.716584	0.717706	0.76431	0.765594	0.759537	0.761215	0.757275	0.761402	0.761557	0.717046	0.706464	0.718144	0.717365	0.720154	0.718149	0.721075	0.708607	0.756593	0.762123	0.715318	0.766701	0.75395	0.76497	0.764794	0.762732	0.754948	0.765201	0.754614	0.763162	0.713214	0.718585	0.717571	0.716283	0.71452	0.715844	0.716909	0.719318	0.765206	0.700266	0.720801	0.754617	0.717994	0.760147	0.766619	0.759455
0.716205	0.767928	0.706351	0.720164	0.714394	0.717897	0.760363	1	0.719749	0.756535	0.758148	0.741362	0.761642	0.713753	0.71736	0.75609	0.752719	0.761642	0.759957	0.716611	0.718083	0.752164	0.7204	0.749694	0.759214	0.750731	0.761648	0.719933	0.713194	0.724779	0.764297	0.75578	0.751136	0.752544	0.715708	0.75557	0.762222	0.717116	0.714743	0.707462	0.713867	0.718394	0.750863	0.756411	0.75481	0.716325	0.760841	0.754834	0.714153	0.7166	0.717063	0.716927	0.760849	0.761582	0.762099	0.715656	0.717476	0.766147	0.764189	0.756759	0.75936	0.758897	0.76138	0.755552	0.71691	0.707225	0.718816	0.718538	0.718963	0.720619	0.716835	0.711177	0.773729	0.768779	0.717096	0.761387	0.761771	0.760695	0.753381	0.755872	0.760209	0.7555	0.754752	0.750197	0.711855	0.718512	0.717311	0.719481	0.715515	0.716651	0.712515	0.717349	0.755195	0.699319	0.717927	0.758432	0.715298	0.759685	0.764392	0.755003
0.743233	0.719941	0.739148	0.743764	0.73115	0.740319	0.719668	0.719749	1	0.717852	0.716406	0.710698	0.719024	0.730927	0.740018	0.71222	0.713376	0.718887	0.712666	0.742172	0.741679	0.712925	0.746798	0.717708	0.718945	0.713029	0.714602	0.742177	0.755334	0.749138	0.716887	0.719415	0.718037	0.716777	0.741764	0.717583	0.717208	0.740397	0.742391	0.739714	0.734795	0.74861	0.717404	0.717972	0.717064	0.745322	0.71996	0.715403	0.746926	0.750218	0.745406	0.744831	0.717534	0.718201	0.718987	0.75135	0.745222	0.718747	0.715984	0.712424	0.715511	0.717368	0.717427	0.715938	0.751144	0.731232	0.742565	0.751386	0.745147	0.738461	0.749743	0.740751	0.715547	0.716886	0.737789	0.721586	0.71531	0.718943	0.722948	0.716954	0.715611	0.712706	0.714862	0.716165	0.744172	0.749145	0.740108	0.744481	0.738686	0.754082	0.756381	0.739895	0.715104	0.731265	0.745905	0.714278	0.741617	0.716196	0.716305	0.715347
0.714825	0.766957	0.702979	0.719281	0.710547	0.719375	0.758857	0.756535	0.717852	1	0.771946	0.735844	0.759649	0.716425	0.715811	0.761156	0.754696	0.768933	0.750855	0.715812	0.715249	0.755895	0.720547	0.764178	0.77116	0.75972	0.757767	0.715968	0.709803	0.717256	0.752259	0.765328	0.765504	0.758091	0.710235	0.761305	0.754161	0.71617	0.715809	0.707781	0.707014	0.714431	0.753992	0.76114	0.762836	0.710702	0.760587	0.76191	0.70983	0.715831	0.715601	0.717577	0.755309	0.765891	0.767885	0.714052	0.716856	0.75272	0.765203	0.759388	0.753898	0.761468	0.757722	0.76011	0.717561	0.704885	0.718964	0.716508	0.718466	0.717599	0.714547	0.710531	0.755884	0.759814	0.711853	0.75821	0.770441	0.75266	0.755673	0.761	0.764937	0.753514	0.757374	0.762981	0.708545	0.717932	0.716178	0.715512	0.712625	0.714821	0.714425	0.71781	0.763431	0.69885	0.716746	0.748113	0.711897	0.761557	0.761212	0.75128
0.716326	0.759109	0.706465	0.718689	0.709311	0.719665	0.76318	0.758148	0.716406	0.771946	1	0.742348	0.752576	0.71266	0.719307	0.756319	0.757465	0.759063	0.754962	0.716898	0.719658	0.757408	0.718881	0.754833	0.767823	0.758776	0.758998	0.717248	0.715638	0.722314	0.768719	0.758403	0.754476	0.760105	0.717242	0.753563	0.757497	0.718572	0.720314	0.707864	0.715076	0.714608	0.762465	0.763624	0.765915	0.715542	0.770648	0.756402	0.714919	0.719749	0.719728	0.7213	0.75969	0.75929	0.763221	0.714544	0.718276	0.759971	0.768908	0.752582	0.749452	0.753702	0.753089	0.772133	0.717013	0.707018	0.71767	0.718982	0.719188	0.720958	0.717191	0.711586	0.757211	0.756726	0.714508	0.764988	0.75491	0.752507	0.762421	0.768883	0.76394	0.765368	0.756445	0.758132	0.713453	0.719695	0.718638	0.72119	0.715692	0.718701	0.716201	0.715782	0.754871	0.701126	0.717632	0.751805	0.714583	0.766744	0.766589	0.755023
0.711949	0.745492	0.700437	0.711253	0.701284	0.711365	0.755912	0.741362	0.710698	0.735844	0.742348	1	0.748696	0.706088	0.714417	0.742551	0.747497	0.745154	0.747419	0.710095	0.709843	0.747902	0.711421	0.742378	0.739879	0.742565	0.748821	0.70782	0.706235	0.711448	0.736828	0.741473	0.740668	0.745366	0.70636	0.746867	0.749529	0.709236	0.71105	0.701089	0.706607	0.707931	0.747464	0.742962	0.745668	0.707772	0.751018	0.739267	0.707099	0.714039	0.709412	0.71254	0.749836	0.743166	0.744623	0.708613	0.706819	0.747235	0.745821	0.746255	0.741235	0.740996	0.74707	0.747574	0.707784	0.70263	0.710608	0.709129	0.708576	0.709605	0.711931	0.703848	0.745709	0.73773	0.704874	0.745789	0.746535	0.750909	0.753038	0.743379	0.735369	0.73903	0.746759	0.743816	0.703811	0.711381	0.709828	0.71213	0.706935	0.707691	0.707377	0.707795	0.740809	0.697816	0.713189	0.740732	0.71254	0.7495	0.747836	0.736654
0.715974	0.759341	0.706017	0.719269	0.709923	0.718118	0.763525	0.761642	0.719024	0.759649	0.752576	0.748696	1	0.713179	0.71582	0.753614	0.760503	0.761497	0.759005	0.714618	0.713613	0.757568	0.720525	0.75186	0.761775	0.759057	0.756749	0.711179	0.712641	0.720167	0.752215	0.760002	0.750917	0.762715	0.713298	0.756742	0.757922	0.71776	0.715829	0.70393	0.713402	0.711958	0.755403	0.754327	0.771115	0.717189	0.765296	0.758458	0.709851	0.717286	0.714481	0.719129	0.766001	0.762258	0.75709	0.715028	0.715922	0.760642	0.758495	0.763243	0.756505	0.754578	0.76157	0.756899	0.715991	0.706294	0.714764	0.715174	0.716805	0.714369	0.713466	0.710472	0.76285	0.764659	0.713457	0.756936	0.756856	0.765217	0.757527	0.761412	0.758284	0.764573	0.756067	0.764348	0.711388	0.717418	0.714389	0.716467	0.715814	0.711881	0.71254	0.718447	0.765219	0.70091	0.718557	0.753407	0.711501	0.765377	0.758911	0.761093
0.735045	0.711496	0.737183	0.738772	0.732906	0.738292	0.713345	0.713753	0.730927	0.716425	0.71266	0.706088	0.713179	1	0.731135	0.711934	0.707243	0.710734	0.708449	0.734058	0.737616	0.70303	0.737734	0.712655	0.715974	0.707452	0.713804	0.730832	0.737868	0.737494	0.712404	0.713531	0.708262	0.713282	0.732699	0.708519	0.711705	0.736299	0.740987	0.728508	0.735473	0.737841	0.713356	0.712096	0.711142	0.733956	0.711967	0.70926	0.739071	0.736927	0.736338	0.742452	0.711232	0.71205	0.710525	0.73258	0.741016	0.714911	0.711811	0.709018	0.712787	0.712489	0.714721	0.712637	0.735214	0.729664	0.735617	0.731778	0.744236	0.738578	0.733508	0.732258	0.712234	0.713565	0.736553	0.716104	0.712989	0.712553	0.713398	0.710453	0.71583	0.706932	0.712685	0.714102	0.732681	0.737294	0.732574	0.736294	0.738763	0.740964	0.734336	0.736045	0.713386	0.725431	0.735222	0.709763	0.734895	0.713052	0.713593	0.709078
0.743002	0.718305	0.73576	0.743528	0.735464	0.740637	0.718527	0.71736	0.740018	0.715811	0.719307	0.714417	0.71582	0.731135	1	0.71352	0.714875	0.715001	0.710975	0.746996	0.744904	0.711017	0.746744	0.716419	0.71619	0.713238	0.717791	0.740617	0.743145	0.740851	0.715465	0.718833	0.718282	0.717019	0.747728	0.712999	0.71526	0.738489	0.740211	0.742045	0.739901	0.738869	0.714779	0.718568	0.71684	0.739757	0.717301	0.713182	0.731006	0.742761	0.7511	0.73973	0.716895	0.717551	0.719953	0.744465	0.744591	0.71802	0.716449	0.707456	0.719024	0.717943	0.719487	0.71965	0.742458	0.733183	0.741603	0.747272	0.74152	0.744901	0.736179	0.728448	0.718228	0.718308	0.741814	0.719825	0.71741	0.720363	0.717839	0.716626	0.716641	0.713235	0.715605	0.719439	0.739273	0.740936	0.739514	0.741692	0.744026	0.749436	0.748975	0.741036	0.716062	0.728107	0.746193	0.712807	0.741891	0.71908	0.716412	0.714213
0.715617	0.759854	0.705072	0.715194	0.704898	0.712523	0.762974	0.75609	0.71222	0.761156	0.756319	0.742551	0.753614	0.711934	0.71352	1	0.753218	0.756016	0.755078	0.713795	0.710838	0.753856	0.717163	0.75686	0.758362	0.755375	0.766588	0.714212	0.71034	0.715892	0.771635	0.768891	0.757056	0.762296	0.714181	0.757858	0.75767	0.712404	0.715252	0.705033	0.708744	0.711766	0.762507	0.757347	0.756219	0.712788	0.765165	0.759472	0.705996	0.714868	0.713547	0.71559	0.755931	0.755508	0.754693	0.711219	0.716479	0.761674	0.762925	0.755502	0.758966	0.771079	0.760006	0.762106	0.711759	0.703616	0.713611	0.716321	0.714837	0.712109	0.712603	0.71062	0.752899	0.765471	0.712895	0.767632	0.757889	0.752915	0.750472	0.759004	0.756643	0.763541	0.763505	0.758638	0.706127	0.712925	0.713978	0.715797	0.713377	0.712007	0.711822	0.712983	0.757214	0.697872	0.711418	0.755739	0.712954	0.761374	0.762692	0.757749
0.713173	0.765417	0.702517	0.714433	0.707563	0.71669	0.756966	0.752719	0.713376	0.754696	0.757465	0.747497	0.760503	0.707243	0.714875	0.753218	1	0.761679	0.755767	0.71458	0.712963	0.755471	0.71586	0.764583	0.75092	0.758544	0.756819	0.710834	0.710516	0.714989	0.761437	0.762864	0.753207	0.762313	0.710234	0.749378	0.759885	0.714461	0.714776	0.704848	0.707565	0.711754	0.759256	0.759027	0.755165	0.710889	0.764309	0.751262	0.708222	0.715428	0.715393	0.713888	0.758168	0.758412	0.76068	0.711061	0.714007	0.759821	0.755349	0.762583	0.759939	0.762693	0.758014	0.752456	0.713376	0.706385	0.715243	0.714717	0.715885	0.712944	0.713224	0.708412	0.760013	0.757119	0.712747	0.765658	0.756808	0.751866	0.756471	0.759208	0.760908	0.763598	0.751639	0.761176	0.707019	0.715449	0.71439	0.715932	0.710439	0.711757	0.711675	0.711284	0.754037	0.702139	0.716095	0.752392	0.711341	0.761585	0.760263	0.755511
0.712407	0.765936	0.705461	0.719041	0.710118	0.717173	0.767615	0.761642	0.718887	0.768933	0.759063	0.745154	0.761497	0.710734	0.715001	0.756016	0.761679	1	0.767463	0.715284	0.714477	0.758667	0.719359	0.759463	0.763239	0.756007	0.7628	0.712806	0.712971	0.7177	0.761016	0.764228	0.756193	0.76183	0.712486	0.747591	0.768328	0.716327	0.71637	0.706617	0.709931	0.712841	0.757385	0.763323	0.760912	0.713337	0.759281	0.772742	0.711728	0.718413	0.716463	0.714409	0.755297	0.761585	0.761996	0.716109	0.718364	0.766257	0.769295	0.75605	0.761851	0.757934	0.758961	0.762217	0.716694	0.70266	0.717437	0.715623	0.718173	0.714156	0.715956	0.712375	0.760734	0.750457	0.716956	0.760841	0.76727	0.759791	0.758886	0.764262	0.753077	0.753848	0.749219	0.763508	0.71323	0.718231	0.714058	0.716008	0.712746	0.713594	0.713184	0.715469	0.760734	0.698946	0.714809	0.749114	0.712972	0.756665	0.759181	0.755404
0.708793	0.765794	0.70023	0.71292	0.704199	0.715306	0.75711	0.759957	0.712666	0.750855	0.754962	0.747419	0.759005	0.708449	0.710975	0.755078	0.755767	0.767463	1	0.708914	0.707831	0.750278	0.712381	0.74401	0.750181	0.755606	0.761033	0.708643	0.705937	0.71622	0.7587	0.75408	0.757834	0.759988	0.70754	0.751769	0.751238	0.708599	0.713062	0.700676	0.707683	0.708136	0.76021	0.761252	0.753257	0.711514	0.762506	0.757981	0.702895	0.712965	0.71001	0.710162	0.762532	0.757467	0.74886	0.708769	0.713058	0.756972	0.762148	0.75878	0.75939	0.754518	0.750224	0.755459	0.709686	0.701284	0.711699	0.713391	0.713067	0.708031	0.70843	0.706191	0.758168	0.752068	0.709346	0.762173	0.757611	0.750033	0.763798	0.749554	0.749667	0.753655	0.750367	0.76179	0.706928	0.711637	0.711714	0.712046	0.708353	0.708761	0.710609	0.707075	0.755053	0.693725	0.707902	0.747024	0.710413	0.754641	0.761783	0.751175
0.750954	0.717393	0.732337	0.746789	0.737324	0.750561	0.718983	0.716611	0.742172	0.715812	0.716898	0.710095	0.714618	0.734058	0.746996	0.713795	0.71458	0.715284	0.708914	1	0.739348	0.711549	0.743287	0.717044	0.715818	0.712122	0.717134	0.744071	0.743743	0.744747	0.716012	0.717502	0.717043	0.716899	0.738748	0.712008	0.717154	0.742837	0.748749	0.740337	0.744101	0.743128	0.714075	0.715552	0.714804	0.745352	0.718193	0.711761	0.737542	0.744682	0.747395	0.742727	0.716496	0.715727	0.718353	0.736244	0.746983	0.71384	0.716337	0.712108	0.715953	0.717467	0.718485	0.718147	0.748387	0.73222	0.742427	0.746309	0.744186	0.745306	0.740001	0.733125	0.716805	0.718037	0.747785	0.721892	0.715357	0.718	0.717878	0.716312	0.715427	0.712901	0.713374	0.715712	0.744266	0.744039	0.743119	0.748283	0.745859	0.75578	0.746863	0.745522	0.713928	0.738589	0.738837	0.714276	0.743475	0.713092	0.715196	0.713314
0.74406	0.714928	0.736463	0.745297	0.736097	0.737466	0.715273	0.718083	0.741679	0.715249	0.719658	0.709843	0.713613	0.737616	0.744904	0.710838	0.712963	0.714477	0.707831	0.739348	1	0.708156	0.743938	0.715521	0.71616	0.708896	0.714536	0.74188	0.741877	0.741776	0.717247	0.718227	0.71664	0.71355	0.746715	0.710696	0.715744	0.745162	0.741311	0.740926	0.739538	0.745561	0.712538	0.712954	0.713699	0.747225	0.715659	0.714201	0.747381	0.754877	0.748983	0.745495	0.714278	0.714237	0.71867	0.736782	0.735547	0.719378	0.715321	0.709079	0.714413	0.714597	0.716378	0.714866	0.737899	0.731026	0.743181	0.742313	0.745988	0.75116	0.741716	0.737297	0.715575	0.717137	0.753608	0.720155	0.717009	0.715603	0.716159	0.716612	0.714415	0.711211	0.71346	0.711752	0.743276	0.745297	0.744938	0.754522	0.743275	0.744881	0.741352	0.740776	0.713846	0.731021	0.746932	0.71443	0.745904	0.71688	0.715142	0.717213
0.711925	0.753376	0.697555	0.714891	0.704483	0.714849	0.764411	0.752164	0.712925	0.755895	0.757408	0.747902	0.757568	0.70303	0.711017	0.753856	0.755471	0.758667	0.750278	0.711549	0.708156	1	0.711094	0.752911	0.758727	0.753776	0.761822	0.710242	0.708564	0.713618	0.755625	0.757155	0.752024	0.764478	0.709196	0.752135	0.755619	0.709471	0.715781	0.702132	0.705635	0.707289	0.760686	0.766318	0.766132	0.709592	0.754016	0.757195	0.707289	0.715258	0.711158	0.710977	0.762612	0.764853	0.755566	0.709336	0.708316	0.758898	0.75401	0.748824	0.762154	0.75203	0.751484	0.760832	0.713407	0.698385	0.710337	0.7111	0.711844	0.711306	0.713369	0.703968	0.75847	0.753164	0.708104	0.754834	0.756762	0.757808	0.760884	0.749408	0.752924	0.754484	0.767129	0.755632	0.704527	0.710958	0.711594	0.714299	0.708284	0.709701	0.7114	0.711891	0.762911	0.694391	0.714044	0.750598	0.707819	0.756146	0.756683	0.757233
0.744664	0.719302	0.733358	0.748561	0.741574	0.743739	0.720102	0.7204	0.746798	0.720547	0.718881	0.711421	0.720525	0.737734	0.746744	0.717163	0.71586	0.719359	0.712381	0.743287	0.743938	0.711094	1	0.719344	0.719048	0.713439	0.719923	0.750479	0.751394	0.742993	0.716298	0.71987	0.717447	0.719733	0.745328	0.715511	0.716948	0.743908	0.745118	0.742447	0.741565	0.73846	0.719649	0.716295	0.718458	0.742188	0.719549	0.718175	0.741231	0.750358	0.750705	0.745164	0.71364	0.716826	0.720633	0.742472	0.749908	0.718416	0.72104	0.712988	0.717475	0.718002	0.721196	0.718949	0.746132	0.731207	0.74817	0.746371	0.745324	0.744564	0.740669	0.734404	0.717949	0.722441	0.749236	0.722364	0.722751	0.724307	0.720501	0.716837	0.71508	0.714095	0.716391	0.716585	0.743816	0.740964	0.744551	0.746187	0.750771	0.751726	0.750863	0.756032	0.717147	0.739408	0.741547	0.713336	0.739756	0.720581	0.717535	0.716776
0.718295	0.761919	0.706456	0.717674	0.710631	0.717733	0.762941	0.749694	0.717708	0.764178	0.754833	0.742378	0.75186	0.712655	0.716419	0.75686	0.764583	0.759463	0.74401	0.717044	0.715521	0.752911	0.719344	1	0.758366	0.752214	0.756342	0.71787	0.715348	0.71677	0.753671	0.760097	0.760032	0.7606	0.714198	0.753769	0.76327	0.720344	0.718134	0.709219	0.711353	0.715466	0.754507	0.756493	0.753563	0.71768	0.755601	0.761326	0.711635	0.71967	0.717952	0.720333	0.753105	0.761047	0.755577	0.71684	0.719419	0.756071	0.749166	0.7566	0.765138	0.763755	0.762735	0.765375	0.713539	0.704637	0.717464	0.718689	0.715743	0.717952	0.715865	0.713614	0.754276	0.760023	0.717442	0.756398	0.756881	0.762587	0.761563	0.762945	0.759962	0.759306	0.74755	0.757907	0.709747	0.719628	0.716621	0.718843	0.713099	0.714871	0.717682	0.717138	0.758537	0.700906	0.716292	0.753311	0.715104	0.760979	0.764706	0.755304
0.71521	0.762088	0.705999	0.717019	0.713714	0.717299	0.763689	0.759214	0.718945	0.77116	0.767823	0.739879	0.761775	0.715974	0.71619	0.758362	0.75092	0.763239	0.750181	0.715818	0.71616	0.758727	0.719048	0.758366	1	0.760333	0.753325	0.714268	0.713619	0.721285	0.758945	0.76337	0.761997	0.758106	0.715078	0.759922	0.756273	0.717277	0.718398	0.712512	0.714551	0.714957	0.758973	0.754917	0.757724	0.716054	0.76474	0.765793	0.711287	0.720402	0.716797	0.72038	0.763449	0.762709	0.757897	0.717166	0.718978	0.758855	0.75806	0.753488	0.761251	0.752818	0.758728	0.760005	0.716196	0.70529	0.7195	0.717314	0.717809	0.715767	0.717209	0.710405	0.751637	0.757628	0.715508	0.755379	0.759449	0.751017	0.755881	0.760011	0.761559	0.758927	0.755147	0.764938	0.712164	0.718779	0.715269	0.720671	0.715681	0.715678	0.713333	0.720011	0.75615	0.701416	0.716441	0.751458	0.715738	0.759033	0.753138	0.763795
0.708394	0.757465	0.701498	0.716896	0.703461	0.712639	0.771694	0.750731	0.713029	0.75972	0.758776	0.742565	0.759057	0.707452	0.713238	0.755375	0.758544	0.756007	0.755606	0.712122	0.708896	0.753776	0.713439	0.752214	0.760333	1	0.755648	0.710298	0.705526	0.712718	0.751791	0.754547	0.766498	0.75957	0.706008	0.753144	0.752342	0.710155	0.714786	0.702339	0.70687	0.709393	0.757846	0.760674	0.758979	0.708647	0.765248	0.74703	0.708262	0.712528	0.712741	0.714495	0.754001	0.764931	0.757867	0.711589	0.710555	0.750776	0.765051	0.7657	0.746071	0.757094	0.753351	0.752369	0.709977	0.699113	0.711858	0.708848	0.714821	0.709294	0.712812	0.706788	0.758805	0.758227	0.707596	0.762173	0.755133	0.766611	0.756508	0.755212	0.754959	0.754822	0.76085	0.766431	0.705429	0.714041	0.71028	0.714684	0.709303	0.711186	0.713066	0.712049	0.759694	0.693503	0.710823	0.74785	0.705968	0.760873	0.751356	0.760046
0.719476	0.807769	0.707657	0.719771	0.710184	0.719889	0.763194	0.761648	0.714602	0.757767	0.758998	0.748821	0.756749	0.713804	0.717791	0.766588	0.756819	0.7628	0.761033	0.717134	0.714536	0.761822	0.719923	0.756342	0.753325	0.755648	1	0.717344	0.714229	0.720364	0.77033	0.765373	0.750872	0.769023	0.715004	0.757312	0.765401	0.715705	0.717955	0.706319	0.712874	0.713804	0.767491	0.757209	0.758173	0.714518	0.760166	0.758573	0.71468	0.719836	0.716332	0.716028	0.751082	0.758628	0.765281	0.715203	0.715957	0.76347	0.776478	0.755311	0.764548	0.771063	0.75626	0.759631	0.716732	0.703791	0.717504	0.719086	0.718346	0.715634	0.717056	0.711607	0.766346	0.757473	0.71736	0.763656	0.762737	0.75914	0.759088	0.756016	0.758329	0.759555	0.761112	0.755986	0.712205	0.719319	0.719788	0.716847	0.715212	0.713089	0.713941	0.715238	0.766481	0.700329	0.716626	0.749987	0.715795	0.767361	0.767569	0.757134
0.751996	0.715635	0.73383	0.740967	0.735959	0.736198	0.714755	0.719933	0.742177	0.715968	0.717248	0.70782	0.711179	0.730832	0.740617	0.714212	0.710834	0.712806	0.708643	0.744071	0.74188	0.710242	0.750479	0.71787	0.714268	0.710298	0.717344	1	0.742697	0.738161	0.715026	0.71317	0.715189	0.710849	0.736812	0.710926	0.713017	0.740053	0.745853	0.737436	0.74843	0.74689	0.713621	0.714035	0.713493	0.740055	0.712622	0.711296	0.742845	0.7486	0.742984	0.743722	0.713465	0.714803	0.714731	0.743439	0.737243	0.714381	0.713952	0.708809	0.715537	0.713792	0.713611	0.711767	0.740707	0.735772	0.739644	0.742094	0.743693	0.756599	0.73662	0.737568	0.715889	0.716076	0.739309	0.719089	0.712735	0.716517	0.715492	0.715346	0.71351	0.708701	0.713158	0.714168	0.742232	0.742835	0.74592	0.744871	0.741321	0.749208	0.747125	0.739354	0.71065	0.737262	0.743723	0.710126	0.750594	0.712749	0.713578	0.711869
0.743827	0.712879	0.747229	0.744223	0.738873	0.747359	0.713768	0.713194	0.755334	0.709803	0.715638	0.706235	0.712641	0.737868	0.743145	0.71034	0.710516	0.712971	0.705937	0.743743	0.741877	0.708564	0.751394	0.715348	0.713619	0.705526	0.714229	0.742697	1	0.748367	0.712997	0.714318	0.712754	0.714459	0.750005	0.710649	0.711689	0.75002	0.752845	0.747758	0.742423	0.74701	0.712351	0.711357	0.711384	0.744132	0.715527	0.713178	0.751244	0.750372	0.749479	0.744679	0.714006	0.712572	0.716332	0.74787	0.74402	0.714486	0.71568	0.708549	0.712863	0.712184	0.713243	0.712	0.751034	0.736613	0.743249	0.745448	0.739416	0.746214	0.744089	0.739785	0.713114	0.713481	0.744853	0.716561	0.715666	0.715533	0.716565	0.712828	0.711203	0.708391	0.712319	0.710422	0.750006	0.743898	0.742782	0.745239	0.750297	0.750156	0.745407	0.748065	0.710705	0.73662	0.754045	0.709785	0.744414	0.713134	0.711851	0.714151
0.737519	0.720855	0.736642	0.74455	0.737632	0.73899	0.720925	0.724779	0.749138	0.717256	0.722314	0.711448	0.720167	0.737494	0.740851	0.715892	0.714989	0.7177	0.71622	0.744747	0.741776	0.713618	0.742993	0.71677	0.721285	0.712718	0.720364	0.738161	0.748367	1	0.722693	0.718904	0.718151	0.71806	0.748087	0.715635	0.717283	0.749448	0.742495	0.736092	0.746861	0.745189	0.717423	0.71876	0.715093	0.740046	0.718353	0.717452	0.745403	0.750743	0.745347	0.744133	0.721458	0.719137	0.72063	0.746213	0.738844	0.718749	0.721114	0.713413	0.720389	0.719127	0.720766	0.718638	0.749794	0.729782	0.738881	0.744552	0.742361	0.740289	0.743185	0.737463	0.718357	0.720322	0.741202	0.724514	0.717955	0.722056	0.721014	0.719613	0.721412	0.714665	0.718654	0.718928	0.749372	0.746613	0.739314	0.736211	0.744434	0.748631	0.748732	0.746156	0.717438	0.726482	0.74093	0.716275	0.741229	0.718294	0.718418	0.716276
0.714494	0.765079	0.702582	0.714738	0.706862	0.716943	0.761796	0.764297	0.716887	0.752259	0.768719	0.736828	0.752215	0.712404	0.715465	0.771635	0.761437	0.761016	0.7587	0.716012	0.717247	0.755625	0.716298	0.753671	0.758945	0.751791	0.77033	0.715026	0.712997	0.722693	1	0.752027	0.757129	0.762337	0.714167	0.760055	0.758983	0.711722	0.715398	0.705182	0.713342	0.714586	0.759854	0.757116	0.753566	0.711989	0.762922	0.760996	0.709328	0.716592	0.717296	0.717884	0.758837	0.760204	0.753551	0.714157	0.716654	0.763131	0.769899	0.759306	0.76211	0.762686	0.755479	0.756627	0.714311	0.705527	0.716333	0.717173	0.716713	0.716139	0.71559	0.707691	0.759725	0.759923	0.715811	0.759995	0.760622	0.749549	0.762785	0.758737	0.763377	0.76001	0.749022	0.757856	0.709326	0.714683	0.715262	0.716957	0.710989	0.713677	0.714587	0.713149	0.747797	0.697196	0.716047	0.758045	0.714706	0.763107	0.766613	0.759106
0.718126	0.759802	0.70733	0.720514	0.70934	0.720707	0.757157	0.75578	0.719415	0.765328	0.758403	0.741473	0.760002	0.713531	0.718833	0.768891	0.762864	0.764228	0.75408	0.717502	0.718227	0.757155	0.71987	0.760097	0.76337	0.754547	0.765373	0.71317	0.714318	0.718904	0.752027	1	0.756078	0.76278	0.71333	0.748715	0.762845	0.717454	0.720832	0.708281	0.713828	0.715198	0.759092	0.755407	0.758029	0.714757	0.757991	0.755249	0.710372	0.720886	0.71822	0.717568	0.756356	0.758827	0.760977	0.714922	0.718336	0.758773	0.752897	0.752116	0.766307	0.762523	0.753917	0.760268	0.714299	0.705198	0.717322	0.717488	0.718568	0.716814	0.719899	0.714118	0.757732	0.760595	0.716355	0.757652	0.763221	0.751676	0.75204	0.762629	0.756039	0.763961	0.757439	0.752365	0.713054	0.719482	0.714589	0.721474	0.716115	0.714849	0.713812	0.718969	0.765615	0.702142	0.718396	0.750307	0.714627	0.764377	0.765541	0.761177
0.712323	0.761428	0.705549	0.719292	0.707302	0.718052	0.760146	0.751136	0.718037	0.765504	0.754476	0.740668	0.750917	0.708262	0.718282	0.757056	0.753207	0.756193	0.757834	0.717043	0.71664	0.752024	0.717447	0.760032	0.761997	0.766498	0.750872	0.715189	0.712754	0.718151	0.757129	0.756078	1	0.761615	0.713939	0.758612	0.755507	0.716871	0.720925	0.70608	0.710737	0.713682	0.752438	0.76246	0.760253	0.713655	0.758123	0.762704	0.708911	0.717781	0.71547	0.7175	0.756705	0.765023	0.756386	0.714692	0.713429	0.748878	0.759794	0.751037	0.75552	0.760206	0.75782	0.752866	0.71596	0.705124	0.717865	0.716781	0.716452	0.714491	0.714921	0.708318	0.745921	0.762884	0.71035	0.758214	0.758983	0.756731	0.760659	0.760647	0.7566	0.754659	0.760632	0.761082	0.707379	0.717371	0.716965	0.720773	0.715127	0.714992	0.716977	0.715082	0.7501	0.698974	0.715604	0.752726	0.713479	0.756212	0.756846	0.760059
0.717445	0.766168	0.706647	0.719751	0.710983	0.71959	0.762797	0.752544	0.716777	0.758091	0.760105	0.745366	0.762715	0.713282	0.717019	0.762296	0.762313	0.76183	0.759988	0.716899	0.71355	0.764478	0.719733	0.7606	0.758106	0.75957	0.769023	0.710849	0.714459	0.71806	0.762337	0.76278	0.761615	1	0.715301	0.751695	0.759478	0.714902	0.720045	0.708992	0.712324	0.714101	0.762923	0.753544	0.764323	0.716682	0.758575	0.763152	0.711802	0.716309	0.718266	0.716979	0.759351	0.758092	0.760818	0.710047	0.717146	0.76411	0.76841	0.753687	0.765264	0.759366	0.755731	0.767041	0.715775	0.704678	0.71743	0.7182	0.718487	0.716589	0.718554	0.708096	0.759102	0.768003	0.714104	0.768037	0.761593	0.762391	0.762828	0.758806	0.758836	0.766942	0.763899	0.765121	0.710142	0.718561	0.71675	0.716774	0.714605	0.714059	0.713786	0.713737	0.76594	0.701132	0.717965	0.753546	0.713965	0.762904	0.759534	0.751151
0.749074	0.715142	0.747357	0.740134	0.737989	0.739079	0.713107	0.715708	0.741764	0.710235	0.717242	0.70636	0.713298	0.732699	0.747728	0.714181	0.710234	0.712486	0.70754	0.738748	0.746715	0.709196	0.745328	0.714198	0.715078	0.706008	0.715004	0.736812	0.750005	0.748087	0.714167	0.71333	0.713939	0.715301	1	0.712995	0.716017	0.738161	0.739283	0.74251	0.746507	0.738422	0.713002	0.711963	0.711855	0.746015	0.71586	0.71213	0.742956	0.749503	0.745926	0.746604	0.713174	0.712641	0.714578	0.74818	0.741839	0.71284	0.714793	0.706566	0.711864	0.715455	0.717463	0.713729	0.745922	0.731284	0.748279	0.745178	0.747067	0.741738	0.743932	0.743354	0.713667	0.716099	0.744462	0.71777	0.715999	0.715233	0.716925	0.715202	0.713835	0.712065	0.713513	0.713094	0.745375	0.746501	0.744323	0.744651	0.750292	0.75012	0.755179	0.742145	0.709874	0.73528	0.748296	0.709984	0.74289	0.715194	0.71384	0.711228
0.712685	0.762275	0.7039	0.713271	0.707373	0.717079	0.762756	0.75557	0.717583	0.761305	0.753563	0.746867	0.756742	0.708519	0.712999	0.757858	0.749378	0.747591	0.751769	0.712008	0.710696	0.752135	0.715511	0.753769	0.759922	0.753144	0.757312	0.710926	0.710649	0.715635	0.760055	0.748715	0.758612	0.751695	0.712995	1	0.753398	0.712763	0.714456	0.708116	0.709691	0.710489	0.761983	0.758085	0.756713	0.715447	0.7656	0.758688	0.709131	0.717306	0.711746	0.714545	0.765657	0.761704	0.752159	0.714433	0.713861	0.755935	0.755629	0.766021	0.761001	0.756683	0.757458	0.753488	0.707687	0.699917	0.713384	0.715814	0.715691	0.711209	0.710623	0.709325	0.75892	0.757187	0.712095	0.754121	0.755965	0.758435	0.769752	0.758516	0.761164	0.758079	0.758554	0.762837	0.706042	0.71483	0.714081	0.7158	0.711702	0.713512	0.714497	0.713543	0.749379	0.694918	0.713678	0.754559	0.710341	0.754508	0.761285	0.754076
0.714812	0.761583	0.705451	0.718902	0.70791	0.714444	0.76032	0.762222	0.717208	0.754161	0.757497	0.749529	0.757922	0.711705	0.71526	0.75767	0.759885	0.768328	0.751238	0.717154	0.715744	0.755619	0.716948	0.76327	0.756273	0.752342	0.765401	0.713017	0.711689	0.717283	0.758983	0.762845	0.755507	0.759478	0.716017	0.753398	1	0.716718	0.71576	0.708448	0.711069	0.713537	0.758384	0.753766	0.758131	0.71405	0.760823	0.752901	0.70784	0.714815	0.717424	0.716375	0.758781	0.756542	0.761008	0.713395	0.716263	0.758188	0.763788	0.751556	0.761284	0.764911	0.764263	0.754315	0.712636	0.701646	0.714013	0.716415	0.716065	0.717399	0.715579	0.711346	0.763608	0.755345	0.712693	0.760473	0.757651	0.76373	0.761878	0.751766	0.762582	0.760792	0.758517	0.759299	0.709823	0.716166	0.715479	0.718404	0.714659	0.711622	0.713266	0.71808	0.758603	0.696502	0.713354	0.75452	0.713598	0.760431	0.75977	0.757549
0.743184	0.716647	0.741017	0.747106	0.742148	0.739701	0.717786	0.717116	0.740397	0.71617	0.718572	0.709236	0.71776	0.736299	0.738489	0.712404	0.714461	0.716327	0.708599	0.742837	0.745162	0.709471	0.743908	0.720344	0.717277	0.710155	0.715705	0.740053	0.75002	0.749448	0.711722	0.717454	0.716871	0.714902	0.738161	0.712763	0.716718	1	0.74365	0.742049	0.742966	0.748325	0.717579	0.717362	0.715073	0.741642	0.715111	0.713658	0.745132	0.749946	0.74562	0.746483	0.717424	0.715722	0.721465	0.746368	0.740488	0.71621	0.716206	0.709055	0.715712	0.717618	0.716911	0.719529	0.740395	0.737421	0.734516	0.741392	0.744591	0.741765	0.740293	0.734242	0.718555	0.717271	0.747703	0.719375	0.716752	0.71744	0.716151	0.715512	0.714235	0.712157	0.715356	0.716819	0.742877	0.741708	0.74016	0.745386	0.753224	0.743452	0.750423	0.748414	0.718604	0.736868	0.744828	0.711688	0.734406	0.720371	0.713696	0.716218
0.758127	0.717285	0.741195	0.743673	0.733251	0.745629	0.718809	0.714743	0.742391	0.715809	0.720314	0.71105	0.715829	0.740987	0.740211	0.715252	0.714776	0.71637	0.713062	0.748749	0.741311	0.715781	0.745118	0.718134	0.718398	0.714786	0.717955	0.745853	0.752845	0.742495	0.715398	0.720832	0.720925	0.720045	0.739283	0.714456	0.71576	0.74365	1	0.746181	0.751179	0.740456	0.714921	0.717286	0.716476	0.743867	0.720286	0.714515	0.750059	0.749875	0.745292	0.739576	0.715037	0.718849	0.717625	0.740229	0.749077	0.716656	0.720306	0.712966	0.71893	0.718493	0.718537	0.717101	0.747929	0.740927	0.751896	0.745671	0.747834	0.746218	0.742268	0.734744	0.718079	0.718138	0.749065	0.723387	0.71804	0.720589	0.718575	0.715943	0.718554	0.712419	0.717354	0.719294	0.738579	0.74768	0.739048	0.754417	0.743176	0.745199	0.740599	0.743998	0.716938	0.739639	0.744915	0.709469	0.742717	0.716758	0.716738	0.714827
0.73503	0.709258	0.735223	0.73764	0.737106	0.741174	0.707882	0.707462	0.739714	0.707781	0.707864	0.701089	0.70393	0.728508	0.742045	0.705033	0.704848	0.706617	0.700676	0.740337	0.740926	0.702132	0.742447	0.709219	0.712512	0.702339	0.706319	0.737436	0.747758	0.736092	0.705182	0.708281	0.70608	0.708992	0.74251	0.708116	0.708448	0.742049	0.746181	1	0.737134	0.737476	0.706522	0.705916	0.70546	0.750908	0.705406	0.703579	0.738598	0.74141	0.738951	0.740027	0.704575	0.705328	0.711288	0.732054	0.738505	0.704902	0.706366	0.703843	0.707748	0.706269	0.710111	0.706234	0.736091	0.736605	0.735761	0.741643	0.735115	0.743958	0.74178	0.735776	0.708377	0.708463	0.74532	0.70763	0.707468	0.711702	0.709921	0.708045	0.707072	0.702663	0.706915	0.70618	0.74378	0.739018	0.74071	0.742855	0.747793	0.740859	0.73989	0.743256	0.707004	0.733466	0.739896	0.702773	0.73851	0.70781	0.704839	0.705373
0.74856	0.713866	0.740548	0.737008	0.735913	0.743744	0.71204	0.713867	0.734795	0.707014	0.715076	0.706607	0.713402	0.735473	0.739901	0.708744	0.707565	0.709931	0.707683	0.744101	0.739538	0.705635	0.741565	0.711353	0.714551	0.70687	0.712874	0.74843	0.742423	0.746861	0.713342	0.713828	0.710737	0.712324	0.746507	0.709691	0.711069	0.742966	0.751179	0.737134	1	0.743398	0.710406	0.71009	0.712208	0.741569	0.710175	0.70812	0.74178	0.740844	0.74687	0.738389	0.710797	0.710116	0.713494	0.75081	0.73923	0.710097	0.714188	0.707765	0.712408	0.71111	0.711272	0.712929	0.741174	0.73666	0.739752	0.742911	0.742108	0.750153	0.747633	0.732649	0.716094	0.712735	0.746587	0.716387	0.710378	0.717078	0.715724	0.709341	0.711483	0.708051	0.713582	0.715029	0.753774	0.745526	0.739156	0.744074	0.747984	0.751009	0.746799	0.738345	0.707897	0.736567	0.751983	0.710208	0.741891	0.712703	0.710588	0.711534
0.744644	0.716283	0.735346	0.743382	0.739187	0.747438	0.714008	0.718394	0.74861	0.714431	0.714608	0.707931	0.711958	0.737841	0.738869	0.711766	0.711754	0.712841	0.708136	0.743128	0.745561	0.707289	0.73846	0.715466	0.714957	0.709393	0.713804	0.74689	0.74701	0.745189	0.714586	0.715198	0.713682	0.714101	0.738422	0.710489	0.713537	0.748325	0.740456	0.737476	0.743398	1	0.711697	0.713115	0.71216	0.743609	0.715759	0.711998	0.741154	0.743779	0.741571	0.743682	0.715319	0.71499	0.717086	0.746409	0.742058	0.711946	0.71385	0.70821	0.715835	0.712302	0.713469	0.711516	0.739756	0.736962	0.736891	0.742227	0.742545	0.745957	0.74809	0.740738	0.714936	0.714497	0.745036	0.717949	0.71345	0.715111	0.711954	0.713812	0.713437	0.70996	0.71186	0.713119	0.744182	0.740847	0.742814	0.742595	0.746638	0.748631	0.743602	0.738987	0.711772	0.723792	0.742222	0.712071	0.751763	0.714684	0.71367	0.712992
0.714419	0.757678	0.707836	0.717815	0.706628	0.718791	0.759335	0.750863	0.717404	0.753992	0.762465	0.747464	0.755403	0.713356	0.714779	0.762507	0.759256	0.757385	0.76021	0.714075	0.712538	0.760686	0.719649	0.754507	0.758973	0.757846	0.767491	0.713621	0.712351	0.717423	0.759854	0.759092	0.752438	0.762923	0.713002	0.761983	0.758384	0.717579	0.714921	0.706522	0.710406	0.711697	1	0.763464	0.753801	0.71123	0.762793	0.755924	0.709516	0.714712	0.718066	0.718149	0.761334	0.760008	0.755031	0.712473	0.713904	0.757666	0.760196	0.761307	0.765607	0.754624	0.752082	0.764203	0.714792	0.702481	0.71222	0.716352	0.716283	0.712619	0.71366	0.709532	0.756045	0.756947	0.711	0.758177	0.758992	0.765942	0.767022	0.752402	0.750307	0.764237	0.760912	0.759295	0.710935	0.715651	0.715591	0.718908	0.710959	0.714989	0.713904	0.715755	0.756245	0.702843	0.715709	0.747498	0.712137	0.767955	0.754585	0.760631
0.718134	0.756469	0.702896	0.718465	0.711545	0.717513	0.765108	0.756411	0.717972	0.76114	0.763624	0.742962	0.754327	0.712096	0.718568	0.757347	0.759027	0.763323	0.761252	0.715552	0.712954	0.766318	0.716295	0.756493	0.754917	0.760674	0.757209	0.714035	0.711357	0.71876	0.757116	0.755407	0.76246	0.753544	0.711963	0.758085	0.753766	0.717362	0.717286	0.705916	0.71009	0.713115	0.763464	1	0.754846	0.7137	0.751068	0.761541	0.710242	0.716226	0.715024	0.716118	0.752898	0.762073	0.759058	0.715384	0.714708	0.748928	0.751602	0.755525	0.761625	0.745095	0.757511	0.754929	0.717222	0.703932	0.71503	0.7166	0.718168	0.718196	0.711613	0.710239	0.753144	0.759864	0.708961	0.752897	0.751596	0.752964	0.760884	0.753511	0.755957	0.751472	0.75654	0.759693	0.710003	0.714672	0.715447	0.717065	0.713247	0.714624	0.714578	0.713501	0.764464	0.700053	0.718428	0.749878	0.710567	0.759672	0.758017	0.752959
0.714153	0.761554	0.702254	0.717852	0.706657	0.716386	0.76566	0.75481	0.717064	0.762836	0.765915	0.745668	0.771115	0.711142	0.71684	0.756219	0.755165	0.760912	0.753257	0.714804	0.713699	0.766132	0.718458	0.753563	0.757724	0.758979	0.758173	0.713493	0.711384	0.715093	0.753566	0.758029	0.760253	0.764323	0.711855	0.756713	0.758131	0.715073	0.716476	0.70546	0.712208	0.71216	0.753801	0.754846	1	0.711839	0.761235	0.759836	0.707736	0.716971	0.715818	0.715806	0.752381	0.759887	0.761286	0.710117	0.715039	0.762704	0.758987	0.75443	0.755203	0.757765	0.760847	0.757346	0.714168	0.705207	0.715498	0.715211	0.712862	0.716349	0.711318	0.706937	0.757622	0.760555	0.712437	0.760569	0.755779	0.761949	0.757414	0.753921	0.751929	0.754559	0.76076	0.75798	0.708943	0.715381	0.714502	0.717778	0.712495	0.715035	0.71395	0.715884	0.764583	0.700767	0.716346	0.748227	0.709786	0.755215	0.758366	0.758074
